1	98
2	98
3	98
4	98
5	98
6	98
7	98
8	98
9	98
10	98
11	98
12	98
13	98
14	98
15	98
16	98
17	98
18	98
19	98
20	98
21	98
22	98
23	98
24	98
25	98
26	98
27	98
28	98
29	98
30	98
31	98
32	98
33	98
34	98
35	98
36	98
37	98
38	98
39	98
40	98
41	98
42	98
43	98
44	98
45	98
46	98
47	98
48	98
49	98
50	98
51	98
52	98
53	98
54	98
55	98
56	98
57	98
58	98
59	98
60	98
61	98
62	98
63	98
64	98
65	98
66	98
67	98
68	98
69	98
70	98
71	98
72	98
73	98
74	98
75	98
76	98
77	98
78	98
79	98
80	98
81	98
82	98
83	98
84	98
85	98
86	98
87	98
88	98
89	98
90	98
91	98
92	98
93	98
94	98
95	98
96	98
97	98
98	98
99	98
100	98
101	98
102	98
103	98
104	98
105	98
106	98
107	98
108	98
109	98
110	98
111	98
112	98
113	98
114	98
115	98
116	98
117	98
118	98
119	98
120	98
121	98
122	98
123	98
124	98
125	98
126	98
127	98
128	98
129	98
130	98
131	98
132	98
133	98
134	98
135	98
136	98
137	98
138	98
139	98
140	98
141	98
142	98
143	98
144	98
145	98
146	98
147	98
148	98
149	98
150	98
151	98
152	98
153	98
154	98
155	98
156	98
157	98
158	98
159	98
160	98
161	98
162	98
163	98
164	98
165	98
166	98
167	98
168	98
169	98
170	98
171	98
172	98
173	98
174	98
175	98
176	98
177	98
178	98
179	98
180	98
181	98
182	98
183	98
184	98
185	98
186	98
187	98
188	98
189	98
190	98
191	98
192	98
193	98
194	98
195	98
196	98
197	98
198	98
199	98
200	98
201	98
202	98
203	98
204	98
205	98
206	98
207	98
208	98
209	98
210	98
211	98
212	98
213	98
214	98
215	98
216	98
217	98
218	98
219	98
220	98
221	98
222	98
223	98
224	98
225	98
226	98
227	98
228	98
229	98
230	98
231	98
232	98
233	98
234	98
235	98
236	98
237	98
238	98
239	98
240	98
241	98
242	98
243	98
244	98
245	98
246	98
247	98
248	98
249	98
250	98
251	98
252	98
253	98
254	98
255	98
256	98
257	98
258	98
259	98
260	98
261	98
262	98
263	98
264	98
265	98
266	98
267	98
268	98
269	98
270	98
271	98
272	98
273	98
274	98
275	98
276	98
277	98
278	98
279	98
280	98
281	98
282	98
283	98
284	98
285	98
286	98
287	98
288	98
289	98
290	98
291	98
292	98
293	98
294	98
295	98
296	98
297	98
298	98
299	98
300	98
301	98
302	98
303	98
304	98
305	98
306	98
307	98
308	98
309	98
310	98
311	98
312	98
313	98
314	98
315	98
316	98
317	98
318	98
319	98
320	98
321	98
322	98
323	98
324	98
325	98
326	98
327	98
328	98
329	98
330	98
331	98
332	98
333	98
334	98
335	98
336	98
337	98
338	98
339	98
340	98
341	98
342	98
343	98
344	98
345	98
346	98
347	98
348	98
349	98
350	98
351	98
352	98
353	98
354	98
355	98
356	98
357	98
358	98
359	98
360	98
361	98
362	98
363	98
364	98
365	98
366	98
367	98
368	98
369	98
370	98
371	98
372	98
373	98
374	98
375	98
376	98
377	98
378	98
379	98
380	98
381	98
382	98
383	98
384	98
385	98
386	98
387	98
388	98
389	98
390	98
391	98
392	98
393	98
394	98
395	98
396	98
397	98
398	98
399	98
400	98
401	98
402	98
403	98
404	98
405	98
406	98
407	98
408	98
409	98
410	98
411	98
412	98
413	98
414	98
415	98
416	98
417	98
418	98
419	98
420	98
421	98
422	98
423	98
424	98
425	98
426	98
427	98
428	98
429	98
430	98
431	98
432	98
433	98
434	98
435	98
436	98
437	98
438	98
439	98
440	98
441	98
442	98
443	98
444	98
445	98
446	98
447	98
448	98
449	98
450	98
451	98
452	98
453	98
454	98
455	98
456	98
457	98
458	98
459	98
460	98
461	98
462	98
463	98
464	98
465	98
466	98
467	98
468	98
469	98
470	98
471	98
472	98
473	98
474	98
475	98
476	98
477	98
478	98
479	98
480	98
481	98
482	98
483	98
484	98
485	98
486	97
487	97
488	97
489	97
490	97
491	97
492	97
493	97
494	97
495	97
496	97
497	97
498	97
499	97
500	97
501	97
502	97
503	97
504	97
505	97
506	97
507	97
508	97
509	97
510	97
511	97
512	97
513	97
514	97
515	97
516	97
517	97
518	98
519	98
520	98
521	98
522	98
523	98
524	98
525	98
526	98
527	98
528	98
529	98
530	98
531	98
532	98
533	98
534	98
535	98
536	98
537	98
538	98
539	98
540	98
541	98
542	98
543	98
544	98
545	98
546	98
547	98
548	98
549	98
550	98
551	98
552	98
553	98
554	98
555	98
556	98
557	98
558	98
559	98
560	98
561	98
562	98
563	98
564	98
565	98
566	98
567	98
568	98
569	98
570	98
571	98
572	98
573	98
574	98
575	98
576	98
577	98
578	98
579	98
580	98
581	98
582	98
583	98
584	98
585	98
586	98
587	98
588	98
589	98
590	98
591	98
592	98
593	98
594	98
595	98
596	98
597	98
598	98
599	98
600	98
601	98
602	98
603	98
604	98
605	98
606	98
607	98
608	98
609	98
610	98
611	98
612	98
613	98
614	97
615	97
616	97
617	97
618	97
619	97
620	97
621	97
622	97
623	97
624	97
625	97
626	97
627	97
628	97
629	97
630	97
631	97
632	97
633	97
634	97
635	97
636	98
637	98
638	98
639	98
640	98
641	98
642	98
643	98
644	98
645	98
646	98
647	98
648	98
649	98
650	98
651	98
652	98
653	98
654	98
655	98
656	97
657	97
658	97
659	97
660	97
661	97
662	97
663	97
664	97
665	97
666	97
667	97
668	97
669	97
670	97
671	97
672	97
673	97
674	97
675	97
676	97
677	97
678	97
679	97
680	97
681	97
682	97
683	97
684	97
685	97
686	97
687	97
688	97
689	97
690	97
691	97
692	97
693	97
694	97
695	97
696	97
697	97
698	97
699	97
700	97
701	97
702	97
703	97
704	97
705	97
706	97
707	97
708	97
709	97
710	97
711	97
712	97
713	97
714	97
715	97
716	97
717	97
718	97
719	97
720	97
721	97
722	97
723	97
724	97
725	97
726	97
727	97
728	97
729	97
730	97
731	97
732	97
733	97
734	97
735	97
736	97
737	97
738	97
739	97
740	97
741	97
742	98
743	98
744	98
745	98
746	98
747	98
748	98
749	98
750	98
751	98
752	98
753	98
754	98
755	98
756	98
757	98
758	98
759	98
760	98
761	98
762	98
763	98
764	98
765	98
766	98
767	98
768	98
769	98
770	98
771	98
772	98
773	98
774	98
775	98
776	98
777	98
778	98
779	98
780	98
781	98
782	98
783	98
784	98
785	98
786	98
787	98
788	98
789	98
790	98
791	98
792	98
793	98
794	98
795	98
796	98
797	98
798	98
799	98
800	98
801	98
802	98
803	98
804	98
805	98
806	98
807	98
808	98
809	98
810	98
811	98
812	98
813	98
814	98
815	98
816	98
817	98
818	98
819	98
820	98
821	98
822	98
823	98
824	98
825	98
826	98
827	98
828	98
829	98
830	98
831	98
832	98
833	98
834	98
835	98
836	98
837	98
838	98
839	98
840	98
841	98
842	98
843	98
844	98
845	98
846	98
847	98
848	98
849	98
850	98
851	98
852	98
853	98
854	98
855	98
856	98
857	98
858	98
859	98
860	98
861	98
862	98
863	98
864	98
865	98
866	98
867	98
868	98
869	98
870	98
871	98
872	98
873	98
874	98
875	98
876	98
877	98
878	98
879	98
880	98
881	98
882	98
883	98
884	98
885	98
886	98
887	98
888	98
889	98
890	98
891	98
892	98
893	98
894	98
895	98
896	98
897	98
898	98
899	98
900	98
901	98
902	98
903	98
904	98
905	98
906	98
907	98
908	98
909	98
910	98
911	98
912	98
913	98
914	98
915	98
916	98
917	98
918	98
919	98
920	98
921	98
922	98
923	98
924	98
925	98
926	98
927	98
928	98
929	98
930	98
931	98
932	98
933	98
934	98
935	98
936	98
937	98
938	98
939	98
940	98
941	98
942	98
943	98
944	98
945	98
946	98
947	98
948	98
949	98
950	98
951	98
952	98
953	98
954	98
955	98
956	98
957	98
958	98
959	98
960	98
961	98
962	98
963	98
964	98
965	98
966	98
967	98
968	98
969	98
970	98
971	98
972	98
973	98
974	98
975	98
976	98
977	98
978	98
979	98
980	98
981	98
982	98
983	98
984	98
985	98
986	98
987	98
988	98
989	98
990	98
991	98
992	98
993	98
994	98
995	98
996	98
997	98
998	97
999	97
1000	97
1001	97
1002	97
1003	97
1004	97
1005	97
1006	97
1007	97
1008	97
1009	97
1010	97
1011	97
1012	97
1013	97
1014	97
1015	97
1016	97
1017	97
1018	97
1019	97
1020	97
1021	97
1022	97
1023	97
1024	97
1025	97
1026	97
1027	97
1028	97
1029	97
1030	97
1031	97
1032	97
1033	97
1034	97
1035	97
1036	97
1037	97
1038	97
1039	97
1040	97
1041	97
1042	97
1043	97
1044	97
1045	97
1046	97
1047	97
1048	97
1049	97
1050	97
1051	97
1052	97
1053	97
1054	97
1055	97
1056	97
1057	97
1058	97
1059	97
1060	97
1061	97
1062	97
1063	97
1064	97
1065	97
1066	97
1067	97
1068	97
1069	97
1070	97
1071	97
1072	96
1073	96
1074	96
1075	96
1076	96
1077	96
1078	96
1079	96
1080	96
1081	96
1082	96
1083	96
1084	96
1085	96
1086	96
1087	96
1088	96
1089	96
1090	96
1091	96
1092	96
1093	96
1094	96
1095	96
1096	96
1097	96
1098	96
1099	96
1100	96
1101	96
1102	96
1103	96
1104	96
1105	96
1106	96
1107	96
1108	96
1109	96
1110	96
1111	96
1112	96
1113	96
1114	96
1115	96
1116	96
1117	96
1118	96
1119	96
1120	96
1121	96
1122	96
1123	96
1124	96
1125	96
1126	96
1127	96
1128	96
1129	96
1130	96
1131	96
1132	96
1133	96
1134	96
1135	96
1136	96
1137	97
1138	97
1139	97
1140	97
1141	97
1142	97
1143	97
1144	97
1145	97
1146	97
1147	97
1148	97
1149	97
1150	97
1151	97
1152	97
1153	97
1154	97
1155	97
1156	97
1157	97
1158	97
1159	97
1160	97
1161	97
1162	97
1163	97
1164	97
1165	97
1166	97
1167	97
1168	97
1169	97
1170	97
1171	97
1172	97
1173	97
1174	97
1175	97
1176	97
1177	97
1178	97
1179	97
1180	97
1181	97
1182	97
1183	97
1184	97
1185	97
1186	97
1187	97
1188	97
1189	97
1190	98
1191	98
1192	98
1193	98
1194	98
1195	98
1196	98
1197	98
1198	98
1199	98
1200	98
1201	98
1202	98
1203	98
1204	98
1205	98
1206	98
1207	98
1208	98
1209	98
1210	98
1211	98
1212	98
1213	98
1214	98
1215	98
1216	98
1217	98
1218	98
1219	98
1220	98
1221	98
1222	98
1223	98
1224	98
1225	98
1226	98
1227	98
1228	98
1229	98
1230	98
1231	98
1232	98
1233	98
1234	98
1235	98
1236	98
1237	98
1238	98
1239	98
1240	98
1241	98
1242	98
1243	98
1244	99
1245	99
1246	99
1247	99
1248	99
1249	99
1250	99
1251	99
1252	99
1253	99
1254	99
1255	99
1256	99
1257	99
1258	99
1259	99
1260	99
1261	99
1262	99
1263	99
1264	99
1265	99
1266	99
1267	99
1268	99
1269	99
1270	99
1271	99
1272	99
1273	99
1274	99
1275	99
1276	99
1277	99
1278	99
1279	99
1280	99
1281	99
1282	99
1283	99
1284	99
1285	99
1286	99
1287	99
1288	99
1289	99
1290	99
1291	99
1292	99
1293	99
1294	99
1295	99
1296	99
1297	99
1298	99
1299	99
1300	99
1301	99
1302	99
1303	99
1304	99
1305	99
1306	99
1307	99
1308	99
1309	99
1310	99
1311	99
1312	99
1313	99
1314	99
1315	99
1316	99
1317	99
1318	99
1319	99
1320	99
1321	99
1322	99
1323	99
1324	99
1325	99
1326	99
1327	99
1328	99
1329	99
1330	99
1331	99
1332	99
1333	99
1334	99
1335	99
1336	99
1337	99
1338	99
1339	99
1340	99
1341	99
1342	99
1343	99
1344	99
1345	99
1346	99
1347	99
1348	99
1349	99
1350	99
1351	99
1352	99
1353	99
1354	99
1355	99
1356	99
1357	99
1358	99
1359	99
1360	99
1361	99
1362	99
1363	99
1364	99
1365	99
1366	99
1367	99
1368	99
1369	99
1370	99
1371	99
1372	99
1373	99
1374	99
1375	99
1376	99
1377	99
1378	99
1379	99
1380	99
1381	99
1382	99
1383	99
1384	99
1385	99
1386	99
1387	99
1388	99
1389	99
1390	99
1391	99
1392	99
1393	99
1394	99
1395	99
1396	99
1397	99
1398	99
1399	99
1400	99
1401	99
1402	99
1403	99
1404	99
1405	99
1406	99
1407	99
1408	99
1409	99
1410	99
1411	99
1412	99
1413	99
1414	99
1415	99
1416	99
1417	99
1418	99
1419	99
1420	99
1421	99
1422	99
1423	99
1424	99
1425	99
1426	99
1427	99
1428	99
1429	99
1430	99
1431	99
1432	99
1433	99
1434	99
1435	99
1436	99
1437	99
1438	99
1439	99
1440	99
1441	99
1442	99
1443	99
1444	99
1445	99
1446	99
1447	99
1448	99
1449	99
1450	99
1451	99
1452	99
1453	99
1454	99
1455	99
1456	99
1457	99
1458	99
1459	99
1460	99
1461	99
1462	99
1463	99
1464	99
1465	99
1466	99
1467	99
1468	99
1469	99
1470	99
1471	99
1472	99
1473	99
1474	99
1475	99
1476	99
1477	99
1478	99
1479	99
1480	99
1481	99
1482	99
1483	99
1484	99
1485	99
1486	99
1487	99
1488	99
1489	99
1490	99
1491	99
1492	99
1493	99
1494	99
1495	99
1496	99
1497	99
1498	99
1499	98
1500	98
1501	98
1502	98
1503	98
1504	98
1505	98
1506	98
1507	98
1508	98
1509	98
1510	98
1511	98
1512	98
1513	98
1514	98
1515	98
1516	98
1517	98
1518	98
1519	98
1520	98
1521	98
1522	98
1523	98
1524	98
1525	98
1526	98
1527	98
1528	98
1529	98
1530	98
1531	98
1532	98
1533	98
1534	98
1535	98
1536	98
1537	98
1538	98
1539	98
1540	98
1541	98
1542	98
1543	98
1544	98
1545	98
1546	98
1547	98
1548	98
1549	98
1550	98
1551	98
1552	98
1553	98
1554	98
1555	98
1556	98
1557	98
1558	98
1559	98
1560	98
1561	98
1562	98
1563	98
1564	98
1565	98
1566	98
1567	98
1568	98
1569	98
1570	98
1571	98
1572	98
1573	98
1574	98
1575	98
1576	98
1577	98
1578	98
1579	98
1580	98
1581	98
1582	98
1583	98
1584	98
1585	98
1586	98
1587	98
1588	98
1589	98
1590	98
1591	98
1592	98
1593	98
1594	98
1595	98
1596	98
1597	98
1598	98
1599	98
1600	98
1601	98
1602	98
1603	98
1604	98
1605	98
1606	98
1607	98
1608	98
1609	98
1610	98
1611	98
1612	98
1613	98
1614	98
1615	98
1616	98
1617	98
1618	98
1619	98
1620	98
1621	98
1622	98
1623	98
1624	98
1625	98
1626	98
1627	98
1628	98
1629	98
1630	98
1631	98
1632	98
1633	98
1634	98
1635	98
1636	98
1637	98
1638	98
1639	98
1640	98
1641	98
1642	98
1643	98
1644	98
1645	98
1646	98
1647	98
1648	98
1649	98
1650	98
1651	98
1652	98
1653	98
1654	98
1655	98
1656	98
1657	98
1658	98
1659	98
1660	98
1661	98
1662	98
1663	98
1664	98
1665	98
1666	98
1667	98
1668	98
1669	98
1670	98
1671	98
1672	98
1673	98
1674	98
1675	98
1676	98
1677	98
1678	98
1679	98
1680	98
1681	98
1682	98
1683	98
1684	98
1685	98
1686	98
1687	98
1688	98
1689	98
1690	98
1691	98
1692	98
1693	98
1694	98
1695	98
1696	98
1697	98
1698	98
1699	98
1700	98
1701	98
1702	98
1703	98
1704	98
1705	98
1706	98
1707	98
1708	98
1709	98
1710	98
1711	98
1712	98
1713	98
1714	98
1715	98
1716	98
1717	98
1718	98
1719	98
1720	98
1721	98
1722	98
1723	98
1724	98
1725	98
1726	98
1727	98
1728	98
1729	98
1730	98
1731	98
1732	98
1733	98
1734	98
1735	98
1736	98
1737	98
1738	98
1739	98
1740	98
1741	98
1742	98
1743	98
1744	98
1745	98
1746	98
1747	98
1748	98
1749	98
1750	98
1751	98
1752	98
1753	98
1754	98
1755	98
1756	98
1757	98
1758	98
1759	98
1760	98
1761	98
1762	98
1763	98
1764	98
1765	98
1766	98
1767	98
1768	98
1769	98
1770	98
1771	98
1772	98
1773	98
1774	98
1775	98
1776	98
1777	98
1778	98
1779	98
1780	98
1781	98
1782	98
1783	98
1784	98
1785	98
1786	98
1787	98
1788	98
1789	98
1790	98
1791	98
1792	98
1793	98
1794	98
1795	98
1796	98
1797	98
1798	98
1799	98
1800	98
