1	97
2	97
3	97
4	97
5	97
6	97
7	97
8	97
9	97
10	97
11	97
12	97
13	97
14	96
15	96
16	96
17	96
18	96
19	96
20	96
21	96
22	96
23	96
24	96
25	96
26	96
27	96
28	96
29	96
30	96
31	96
32	96
33	96
34	96
35	96
36	96
37	96
38	96
39	96
40	96
41	96
42	96
43	96
44	96
45	96
46	96
47	96
48	96
49	96
50	96
51	96
52	96
53	96
54	96
55	96
56	96
57	96
58	96
59	96
60	96
61	96
62	96
63	96
64	96
65	96
66	96
67	96
68	96
69	96
70	96
71	96
72	96
73	96
74	96
75	96
76	96
77	96
78	96
79	96
80	96
81	96
82	96
83	96
84	96
85	96
86	96
87	96
88	96
89	96
90	96
91	96
92	96
93	96
94	96
95	96
96	96
97	96
98	96
99	96
100	96
101	96
102	96
103	96
104	96
105	96
106	96
107	96
108	96
109	96
110	96
111	96
112	96
113	96
114	96
115	96
116	96
117	96
118	96
119	96
120	96
121	96
122	96
123	96
124	96
125	96
126	96
127	96
128	96
129	96
130	96
131	96
132	96
133	96
134	96
135	96
136	96
137	96
138	96
139	96
140	96
141	96
142	97
143	97
144	97
145	97
146	97
147	97
148	97
149	97
150	97
151	97
152	97
153	97
154	97
155	97
156	97
157	97
158	97
159	97
160	97
161	97
162	97
163	97
164	97
165	97
166	97
167	97
168	97
169	97
170	97
171	97
172	97
173	97
174	97
175	97
176	97
177	97
178	97
179	97
180	97
181	97
182	97
183	97
184	97
185	97
186	97
187	97
188	97
189	97
190	97
191	97
192	97
193	97
194	97
195	97
196	97
197	97
198	97
199	97
200	97
201	97
202	97
203	97
204	97
205	97
206	97
207	97
208	97
209	97
210	97
211	97
212	97
213	97
214	97
215	97
216	97
217	97
218	97
219	97
220	97
221	97
222	97
223	97
224	97
225	97
226	97
227	97
228	97
229	97
230	97
231	97
232	97
233	97
234	97
235	97
236	97
237	97
238	97
239	97
240	97
241	97
242	97
243	97
244	97
245	97
246	97
247	97
248	97
249	97
250	97
251	97
252	97
253	97
254	97
255	97
256	97
257	97
258	97
259	97
260	97
261	97
262	97
263	97
264	97
265	97
266	97
267	97
268	97
269	97
270	97
271	97
272	97
273	97
274	97
275	97
276	97
277	97
278	97
279	97
280	97
281	97
282	97
283	97
284	97
285	97
286	97
287	97
288	97
289	97
290	97
291	97
292	97
293	97
294	97
295	97
296	97
297	97
298	97
299	97
300	97
301	97
302	97
303	97
304	97
305	97
306	97
307	97
308	97
309	97
310	97
311	97
312	97
313	97
314	97
315	97
316	97
317	97
318	97
319	97
320	97
321	97
322	97
323	97
324	97
325	97
326	97
327	97
328	97
329	97
330	97
331	97
332	97
333	97
334	97
335	97
336	97
337	97
338	97
339	97
340	97
341	97
342	97
343	97
344	97
345	97
346	97
347	97
348	97
349	97
350	97
351	97
352	97
353	97
354	97
355	97
356	97
357	97
358	97
359	97
360	97
361	97
362	97
363	97
364	97
365	97
366	97
367	97
368	97
369	97
370	97
371	97
372	97
373	97
374	97
375	97
376	97
377	97
378	97
379	97
380	97
381	97
382	97
383	97
384	97
385	97
386	97
387	97
388	97
389	97
390	97
391	97
392	97
393	97
394	97
395	97
396	97
397	97
398	97
399	97
400	97
401	97
402	97
403	97
404	97
405	97
406	97
407	97
408	97
409	97
410	97
411	97
412	97
413	97
414	97
415	97
416	97
417	97
418	97
419	97
420	97
421	97
422	97
423	97
424	97
425	97
426	97
427	97
428	97
429	97
430	97
431	97
432	97
433	97
434	97
435	97
436	97
437	97
438	97
439	97
440	97
441	97
442	97
443	97
444	97
445	97
446	97
447	97
448	97
449	97
450	97
451	97
452	97
453	97
454	97
455	97
456	97
457	97
458	97
459	97
460	97
461	97
462	97
463	97
464	97
465	97
466	97
467	97
468	97
469	97
470	97
471	97
472	97
473	97
474	97
475	97
476	97
477	97
478	97
479	97
480	97
481	97
482	97
483	97
484	97
485	97
486	97
487	97
488	97
489	97
490	97
491	97
492	97
493	97
494	97
495	97
496	97
497	97
498	97
499	97
500	97
501	97
502	97
503	97
504	97
505	97
506	97
507	97
508	97
509	97
510	97
511	97
512	97
513	97
514	97
515	97
516	97
517	97
518	97
519	97
520	97
521	97
522	97
523	97
524	97
525	97
526	97
527	97
528	97
529	97
530	97
531	97
532	97
533	97
534	97
535	97
536	97
537	97
538	97
539	97
540	97
541	97
542	97
543	97
544	97
545	97
546	97
547	96
548	96
549	96
550	96
551	96
552	96
553	96
554	96
555	96
556	96
557	96
558	96
559	96
560	96
561	96
562	96
563	96
564	96
565	96
566	96
567	96
568	96
569	96
570	96
571	96
572	96
573	96
574	96
575	96
576	96
577	96
578	96
579	96
580	96
581	96
582	96
583	96
584	96
585	96
586	96
587	96
588	96
589	96
590	96
591	96
592	96
593	96
594	96
595	96
596	96
597	96
598	96
599	96
600	96
601	96
602	96
603	96
604	96
605	96
606	96
607	96
608	96
609	96
610	96
611	96
612	96
613	96
614	96
615	96
616	96
617	96
618	96
619	96
620	96
621	96
622	96
623	96
624	96
625	96
626	96
627	96
628	96
629	96
630	96
631	96
632	96
633	96
634	96
635	96
636	96
637	96
638	96
639	96
640	96
641	96
642	96
643	96
644	96
645	96
646	96
647	96
648	96
649	96
650	96
651	96
652	96
653	96
654	96
655	96
656	96
657	96
658	96
659	96
660	96
661	96
662	96
663	96
664	96
665	96
666	96
667	96
668	96
669	96
670	96
671	96
672	96
673	96
674	96
675	95
676	95
677	95
678	95
679	95
680	95
681	95
682	95
683	95
684	95
685	95
686	95
687	95
688	95
689	95
690	95
691	95
692	95
693	95
694	95
695	95
696	95
697	95
698	95
699	95
700	95
701	95
702	95
703	95
704	95
705	95
706	95
707	95
708	95
709	95
710	95
711	95
712	95
713	95
714	95
715	95
716	95
717	95
718	95
719	95
720	95
721	95
722	95
723	95
724	95
725	95
726	95
727	95
728	95
729	95
730	95
731	95
732	95
733	95
734	95
735	95
736	95
737	95
738	95
739	95
740	95
741	95
742	95
743	95
744	95
745	95
746	95
747	95
748	95
749	95
750	95
751	95
752	95
753	95
754	95
755	95
756	95
757	95
758	95
759	95
760	95
761	95
762	95
763	95
764	95
765	95
766	95
767	95
768	95
769	95
770	95
771	95
772	95
773	95
774	95
775	95
776	95
777	95
778	95
779	95
780	95
781	95
782	95
783	95
784	95
785	95
786	95
787	95
788	95
789	95
790	95
791	95
792	95
793	95
794	95
795	95
796	95
797	95
798	95
799	95
800	95
801	95
802	95
803	94
804	94
805	94
806	94
807	94
808	94
809	94
810	94
811	94
812	94
813	94
814	94
815	94
816	94
817	94
818	94
819	94
820	94
821	94
822	94
823	94
824	94
825	94
826	94
827	94
828	94
829	94
830	94
831	94
832	94
833	94
834	94
835	94
836	94
837	94
838	94
839	94
840	94
841	94
842	94
843	94
844	94
845	94
846	94
847	94
848	94
849	94
850	94
851	94
852	94
853	94
854	94
855	94
856	94
857	94
858	94
859	94
860	94
861	94
862	94
863	94
864	94
865	94
866	94
867	94
868	94
869	94
870	94
871	94
872	94
873	94
874	94
875	94
876	94
877	94
878	94
879	94
880	94
881	94
882	94
883	94
884	94
885	94
886	94
887	94
888	94
889	94
890	94
891	94
892	94
893	94
894	94
895	94
896	94
897	94
898	94
899	94
900	94
901	94
902	94
903	94
904	94
905	94
906	94
907	94
908	94
909	94
910	94
911	94
912	94
913	94
914	94
915	94
916	94
917	94
918	94
919	94
920	94
921	94
922	94
923	94
924	94
925	94
926	94
927	94
928	94
929	94
930	94
931	94
932	94
933	94
934	94
935	94
936	94
937	94
938	94
939	94
940	94
941	94
942	94
943	94
944	94
945	94
946	94
947	94
948	94
949	94
950	94
951	94
952	94
953	94
954	94
955	94
956	94
957	94
958	94
959	94
960	94
961	94
962	94
963	94
964	94
965	94
966	94
967	94
968	94
969	94
970	94
971	94
972	94
973	94
974	94
975	94
976	94
977	94
978	94
979	94
980	94
981	94
982	94
983	94
984	94
985	94
986	94
987	94
988	94
989	94
990	94
991	94
992	94
993	94
994	94
995	94
996	94
997	94
998	94
999	94
1000	94
1001	94
1002	94
1003	94
1004	94
1005	94
1006	94
1007	94
1008	94
1009	94
1010	94
1011	94
1012	94
1013	94
1014	94
1015	94
1016	94
1017	94
1018	94
1019	94
1020	94
1021	94
1022	94
1023	94
1024	94
1025	94
1026	94
1027	94
1028	94
1029	94
1030	94
1031	94
1032	94
1033	94
1034	94
1035	94
1036	94
1037	94
1038	94
1039	94
1040	94
1041	94
1042	94
1043	94
1044	94
1045	94
1046	94
1047	94
1048	94
1049	94
1050	94
1051	94
1052	94
1053	94
1054	94
1055	94
1056	94
1057	94
1058	94
1059	94
1060	94
1061	94
1062	94
1063	94
1064	94
1065	94
1066	94
1067	94
1068	94
1069	94
1070	94
1071	94
1072	94
1073	94
1074	94
1075	94
1076	94
1077	94
1078	94
1079	94
1080	93
1081	93
1082	93
1083	93
1084	93
1085	93
1086	93
1087	93
1088	93
1089	93
1090	93
1091	93
1092	93
1093	93
1094	93
1095	93
1096	93
1097	93
1098	93
1099	93
1100	93
1101	93
1102	93
1103	93
1104	93
1105	93
1106	93
1107	93
1108	93
1109	93
1110	93
1111	93
1112	93
1113	94
1114	94
1115	94
1116	94
1117	94
1118	94
1119	94
1120	94
1121	94
1122	94
1123	94
1124	94
1125	94
1126	94
1127	94
1128	94
1129	94
1130	94
1131	94
1132	94
1133	94
1134	94
1135	94
1136	94
1137	94
1138	94
1139	94
1140	94
1141	94
1142	94
1143	94
1144	94
1145	94
1146	94
1147	94
1148	94
1149	94
1150	94
1151	94
1152	94
1153	94
1154	94
1155	94
1156	94
1157	94
1158	94
1159	94
1160	94
1161	94
1162	94
1163	94
1164	94
1165	94
1166	94
1167	94
1168	94
1169	94
1170	94
1171	94
1172	94
1173	94
1174	94
1175	94
1176	94
1177	94
1178	94
1179	94
1180	94
1181	94
1182	94
1183	94
1184	94
1185	94
1186	94
1187	94
1188	94
1189	94
1190	94
1191	94
1192	94
1193	94
1194	94
1195	94
1196	94
1197	94
1198	94
1199	94
1200	94
1201	94
1202	94
1203	94
1204	94
1205	94
1206	94
1207	94
1208	94
1209	95
1210	95
1211	95
1212	95
1213	95
1214	95
1215	95
1216	95
1217	95
1218	95
1219	95
1220	95
1221	95
1222	95
1223	95
1224	95
1225	95
1226	95
1227	95
1228	95
1229	95
1230	95
1231	95
1232	95
1233	95
1234	95
1235	95
1236	95
1237	95
1238	95
1239	95
1240	95
1241	96
1242	96
1243	96
1244	96
1245	96
1246	96
1247	96
1248	96
1249	96
1250	96
1251	96
1252	96
1253	96
1254	96
1255	96
1256	96
1257	96
1258	96
1259	96
1260	96
1261	96
1262	96
1263	96
1264	96
1265	96
1266	96
1267	96
1268	96
1269	96
1270	96
1271	96
1272	96
1273	96
1274	96
1275	96
1276	96
1277	96
1278	96
1279	96
1280	96
1281	96
1282	96
1283	96
1284	96
1285	96
1286	96
1287	96
1288	96
1289	96
1290	96
1291	96
1292	96
1293	96
1294	96
1295	96
1296	96
1297	96
1298	96
1299	96
1300	96
1301	96
1302	96
1303	96
1304	96
1305	97
1306	97
1307	97
1308	97
1309	97
1310	97
1311	97
1312	97
1313	97
1314	97
1315	97
1316	97
1317	97
1318	97
1319	97
1320	97
1321	97
1322	97
1323	97
1324	97
1325	97
1326	97
1327	97
1328	97
1329	97
1330	97
1331	97
1332	97
1333	97
1334	97
1335	97
1336	97
1337	97
1338	97
1339	97
1340	97
1341	97
1342	97
1343	97
1344	97
1345	97
1346	97
1347	97
1348	97
1349	97
1350	97
1351	97
1352	97
1353	97
1354	97
1355	97
1356	97
1357	97
1358	97
1359	97
1360	97
1361	97
1362	97
1363	97
1364	97
1365	97
1366	97
1367	97
1368	97
1369	97
1370	97
1371	97
1372	97
1373	97
1374	97
1375	97
1376	97
1377	97
1378	97
1379	97
1380	97
1381	97
1382	97
1383	97
1384	97
1385	97
1386	97
1387	97
1388	97
1389	97
1390	97
1391	97
1392	97
1393	97
1394	97
1395	97
1396	97
1397	97
1398	97
1399	97
1400	97
1401	97
1402	97
1403	97
1404	97
1405	97
1406	97
1407	97
1408	97
1409	97
1410	97
1411	97
1412	97
1413	97
1414	97
1415	97
1416	97
1417	97
1418	97
1419	97
1420	97
1421	97
1422	97
1423	97
1424	97
1425	97
1426	97
1427	97
1428	97
1429	97
1430	97
1431	97
1432	97
1433	97
1434	97
1435	97
1436	97
1437	97
1438	97
1439	97
1440	97
1441	97
1442	97
1443	97
1444	97
1445	97
1446	97
1447	97
1448	97
1449	97
1450	97
1451	97
1452	97
1453	97
1454	97
1455	97
1456	97
1457	97
1458	97
1459	97
1460	97
1461	97
1462	97
1463	97
1464	97
1465	97
1466	97
1467	97
1468	97
1469	97
1470	97
1471	97
1472	97
1473	97
1474	97
1475	97
1476	97
1477	97
1478	97
1479	97
1480	97
1481	97
1482	97
1483	97
1484	97
1485	97
1486	97
1487	97
1488	97
1489	97
1490	97
1491	97
1492	97
1493	97
1494	97
1495	97
1496	97
1497	97
1498	97
1499	97
1500	97
1501	97
1502	97
1503	97
1504	97
1505	97
1506	97
1507	97
1508	97
1509	97
1510	97
1511	97
1512	97
1513	97
1514	97
1515	97
1516	97
1517	97
1518	97
1519	97
1520	97
1521	97
1522	97
1523	97
1524	97
1525	97
1526	97
1527	97
1528	97
1529	97
1530	97
1531	97
1532	97
1533	97
1534	97
1535	97
1536	97
1537	97
1538	97
1539	97
1540	97
1541	97
1542	97
1543	97
1544	97
1545	97
1546	97
1547	97
1548	97
1549	97
1550	97
1551	97
1552	97
1553	97
1554	97
1555	97
1556	97
1557	97
1558	97
1559	97
1560	97
1561	97
1562	97
1563	97
1564	97
1565	97
1566	97
1567	97
1568	97
1569	97
1570	97
1571	97
1572	97
1573	97
1574	97
1575	97
1576	97
1577	97
1578	97
1579	97
1580	97
1581	97
1582	97
1583	97
1584	97
1585	97
1586	97
1587	97
1588	97
1589	97
1590	97
1591	97
1592	97
1593	97
1594	97
1595	97
1596	97
1597	97
1598	97
1599	97
1600	97
1601	97
1602	97
1603	97
1604	97
1605	97
1606	97
1607	97
1608	97
1609	97
1610	97
1611	97
1612	97
1613	97
1614	97
1615	97
1616	97
1617	97
1618	97
1619	97
1620	97
1621	97
1622	97
1623	97
1624	97
1625	97
1626	97
1627	97
1628	97
1629	97
1630	97
1631	97
1632	97
1633	97
1634	97
1635	97
1636	97
1637	97
1638	97
1639	97
1640	97
1641	97
1642	97
1643	97
1644	97
1645	97
1646	97
1647	97
1648	97
1649	97
1650	97
1651	97
1652	97
1653	97
1654	97
1655	97
1656	97
1657	97
1658	97
1659	97
1660	97
1661	97
1662	97
1663	97
1664	97
1665	97
1666	97
1667	97
1668	97
1669	97
1670	97
1671	97
1672	97
1673	97
1674	97
1675	97
1676	97
1677	97
1678	97
1679	97
1680	97
1681	97
1682	97
1683	97
1684	97
1685	97
1686	97
1687	97
1688	97
1689	97
1690	97
1691	97
1692	97
1693	97
1694	97
1695	97
1696	97
1697	97
1698	97
1699	97
1700	97
1701	97
1702	97
1703	97
1704	97
1705	97
1706	97
1707	97
1708	97
1709	97
1710	97
1711	97
1712	97
1713	97
1714	97
1715	97
1716	97
1717	97
1718	97
1719	97
1720	97
1721	97
1722	97
1723	97
1724	97
1725	97
1726	97
1727	97
1728	97
1729	97
1730	97
1731	97
1732	97
1733	97
1734	97
1735	97
1736	97
1737	97
1738	97
1739	97
1740	97
1741	97
1742	97
1743	97
1744	97
1745	97
1746	97
1747	97
1748	97
1749	97
1750	97
1751	97
1752	97
1753	97
1754	97
1755	97
1756	97
1757	97
1758	97
1759	97
1760	97
1761	97
1762	97
1763	97
1764	97
1765	97
1766	97
1767	97
1768	97
1769	97
1770	97
1771	97
1772	97
1773	97
1774	97
1775	97
1776	97
1777	97
1778	97
1779	97
1780	97
1781	97
1782	97
1783	97
1784	97
1785	97
1786	97
1787	97
1788	97
1789	97
1790	97
1791	97
1792	97
1793	97
1794	97
1795	97
1796	97
1797	97
1798	97
1799	97
1800	97
