1	95
2	95
3	95
4	95
5	95
6	95
7	95
8	95
9	95
10	95
11	95
12	95
13	95
14	95
15	95
16	95
17	95
18	95
19	95
20	95
21	95
22	95
23	95
24	95
25	95
26	95
27	95
28	95
29	95
30	95
31	95
32	95
33	95
34	95
35	95
36	95
37	95
38	95
39	95
40	95
41	95
42	95
43	95
44	95
45	95
46	95
47	95
48	95
49	95
50	95
51	95
52	95
53	95
54	95
55	95
56	95
57	95
58	95
59	95
60	95
61	95
62	95
63	95
64	95
65	95
66	95
67	95
68	95
69	95
70	95
71	95
72	95
73	95
74	95
75	95
76	95
77	95
78	95
79	95
80	95
81	95
82	95
83	95
84	95
85	95
86	95
87	95
88	95
89	95
90	95
91	95
92	95
93	95
94	95
95	95
96	95
97	95
98	95
99	95
100	95
101	95
102	95
103	95
104	95
105	95
106	95
107	95
108	95
109	95
110	95
111	95
112	95
113	95
114	95
115	95
116	95
117	95
118	95
119	95
120	95
121	95
122	95
123	95
124	95
125	95
126	95
127	95
128	95
129	95
130	95
131	95
132	95
133	95
134	95
135	95
136	95
137	95
138	95
139	95
140	95
141	95
142	95
143	95
144	95
145	95
146	95
147	95
148	95
149	95
150	95
151	95
152	95
153	95
154	95
155	95
156	95
157	95
158	95
159	95
160	95
161	95
162	95
163	95
164	95
165	95
166	95
167	95
168	95
169	95
170	95
171	95
172	95
173	95
174	95
175	95
176	95
177	95
178	95
179	95
180	95
181	95
182	95
183	95
184	95
185	95
186	95
187	95
188	95
189	95
190	95
191	95
192	95
193	95
194	95
195	95
196	95
197	95
198	95
199	95
200	95
201	95
202	95
203	95
204	95
205	95
206	95
207	95
208	95
209	95
210	95
211	95
212	95
213	95
214	95
215	95
216	95
217	95
218	95
219	95
220	95
221	95
222	95
223	95
224	95
225	95
226	95
227	95
228	95
229	95
230	95
231	95
232	95
233	95
234	95
235	95
236	95
237	95
238	95
239	95
240	95
241	95
242	95
243	95
244	95
245	95
246	95
247	95
248	95
249	95
250	95
251	95
252	95
253	95
254	95
255	95
256	95
257	95
258	95
259	95
260	95
261	95
262	95
263	95
264	95
265	95
266	95
267	95
268	95
269	95
270	95
271	95
272	95
273	95
274	95
275	95
276	95
277	95
278	95
279	95
280	95
281	95
282	95
283	95
284	95
285	95
286	95
287	95
288	95
289	95
290	95
291	95
292	95
293	95
294	95
295	95
296	95
297	95
298	95
299	95
300	95
301	95
302	95
303	95
304	95
305	95
306	95
307	95
308	95
309	95
310	95
311	95
312	95
313	95
314	95
315	95
316	95
317	95
318	95
319	95
320	95
321	95
322	95
323	95
324	95
325	95
326	95
327	95
328	95
329	95
330	95
331	95
332	95
333	95
334	95
335	95
336	95
337	95
338	95
339	95
340	95
341	95
342	95
343	95
344	95
345	95
346	95
347	95
348	95
349	95
350	95
351	95
352	95
353	95
354	95
355	95
356	95
357	95
358	95
359	95
360	95
361	95
362	95
363	95
364	95
365	95
366	95
367	95
368	95
369	95
370	95
371	95
372	95
373	95
374	95
375	95
376	95
377	95
378	95
379	95
380	95
381	95
382	95
383	95
384	95
385	95
386	95
387	95
388	95
389	95
390	95
391	95
392	95
393	95
394	95
395	95
396	95
397	95
398	95
399	95
400	95
401	95
402	95
403	95
404	95
405	95
406	95
407	95
408	95
409	95
410	95
411	95
412	95
413	95
414	95
415	95
416	95
417	95
418	95
419	95
420	95
421	95
422	95
423	95
424	95
425	95
426	95
427	95
428	95
429	95
430	95
431	95
432	95
433	95
434	95
435	95
436	95
437	95
438	95
439	95
440	95
441	95
442	95
443	95
444	95
445	95
446	95
447	95
448	95
449	95
450	95
451	95
452	95
453	95
454	95
455	95
456	95
457	95
458	95
459	95
460	95
461	95
462	95
463	95
464	95
465	95
466	95
467	95
468	95
469	95
470	95
471	95
472	95
473	95
474	95
475	95
476	95
477	95
478	95
479	95
480	95
481	95
482	95
483	95
484	95
485	95
486	95
487	95
488	95
489	95
490	95
491	95
492	95
493	95
494	95
495	95
496	95
497	95
498	95
499	95
500	95
501	95
502	95
503	95
504	95
505	95
506	95
507	95
508	95
509	95
510	95
511	95
512	95
513	95
514	95
515	95
516	95
517	95
518	95
519	95
520	95
521	95
522	95
523	95
524	95
525	95
526	95
527	95
528	95
529	95
530	95
531	95
532	95
533	95
534	95
535	95
536	95
537	95
538	95
539	95
540	95
541	95
542	95
543	95
544	95
545	95
546	95
547	95
548	95
549	95
550	95
551	95
552	95
553	95
554	95
555	95
556	95
557	95
558	95
559	95
560	95
561	95
562	95
563	95
564	95
565	95
566	95
567	95
568	95
569	95
570	95
571	95
572	95
573	95
574	95
575	95
576	95
577	95
578	95
579	95
580	95
581	95
582	95
583	95
584	95
585	95
586	95
587	95
588	95
589	95
590	95
591	95
592	95
593	95
594	95
595	95
596	95
597	95
598	95
599	95
600	95
601	95
602	95
603	95
604	95
605	95
606	95
607	95
608	95
609	95
610	95
611	95
612	95
613	95
614	95
615	95
616	95
617	95
618	95
619	95
620	95
621	95
622	95
623	95
624	95
625	95
626	95
627	95
628	95
629	95
630	95
631	95
632	95
633	95
634	95
635	95
636	95
637	95
638	95
639	95
640	95
641	95
642	95
643	95
644	95
645	95
646	95
647	95
648	95
649	95
650	95
651	95
652	95
653	95
654	95
655	95
656	95
657	95
658	95
659	95
660	95
661	95
662	95
663	95
664	95
665	95
666	95
667	95
668	95
669	95
670	95
671	95
672	95
673	95
674	95
675	95
676	95
677	95
678	95
679	95
680	95
681	95
682	95
683	95
684	95
685	95
686	95
687	95
688	95
689	95
690	95
691	95
692	95
693	95
694	95
695	95
696	95
697	95
698	95
699	95
700	95
701	95
702	95
703	95
704	95
705	95
706	95
707	95
708	95
709	95
710	95
711	95
712	95
713	95
714	95
715	95
716	95
717	95
718	95
719	95
720	95
721	95
722	95
723	95
724	95
725	95
726	95
727	95
728	95
729	95
730	95
731	95
732	95
733	95
734	95
735	95
736	95
737	95
738	95
739	95
740	95
741	95
742	95
743	95
744	95
745	95
746	95
747	95
748	95
749	95
750	95
751	95
752	95
753	95
754	95
755	95
756	95
757	95
758	95
759	95
760	95
761	95
762	95
763	95
764	95
765	95
766	95
767	95
768	95
769	95
770	95
771	95
772	95
773	95
774	95
775	95
776	95
777	95
778	95
779	95
780	95
781	95
782	95
783	95
784	95
785	95
786	95
787	95
788	95
789	95
790	95
791	95
792	95
793	95
794	95
795	95
796	95
797	95
798	95
799	95
800	95
801	95
802	95
803	95
804	95
805	95
806	95
807	95
808	95
809	95
810	95
811	95
812	95
813	95
814	95
815	95
816	95
817	95
818	95
819	95
820	95
821	95
822	95
823	95
824	95
825	95
826	94
827	94
828	94
829	94
830	94
831	94
832	94
833	94
834	94
835	94
836	94
837	94
838	94
839	94
840	94
841	94
842	94
843	94
844	94
845	94
846	94
847	94
848	94
849	94
850	94
851	94
852	94
853	94
854	94
855	94
856	94
857	94
858	94
859	94
860	94
861	94
862	94
863	94
864	94
865	94
866	94
867	94
868	94
869	94
870	94
871	94
872	94
873	94
874	94
875	94
876	94
877	94
878	94
879	94
880	94
881	94
882	94
883	94
884	94
885	94
886	94
887	94
888	94
889	94
890	94
891	94
892	94
893	94
894	94
895	94
896	94
897	94
898	94
899	94
900	94
901	94
902	94
903	94
904	94
905	94
906	94
907	94
908	94
909	94
910	94
911	94
912	94
913	94
914	94
915	94
916	94
917	94
918	94
919	94
920	94
921	94
922	94
923	94
924	94
925	94
926	94
927	94
928	94
929	94
930	94
931	94
932	94
933	94
934	94
935	94
936	94
937	94
938	94
939	94
940	94
941	94
942	94
943	94
944	94
945	94
946	94
947	94
948	94
949	94
950	94
951	94
952	94
953	94
954	94
955	94
956	94
957	94
958	94
959	94
960	94
961	94
962	94
963	94
964	94
965	94
966	94
967	94
968	94
969	94
970	94
971	94
972	94
973	94
974	94
975	94
976	95
977	95
978	95
979	95
980	95
981	95
982	95
983	95
984	95
985	95
986	95
987	95
988	95
989	95
990	95
991	95
992	95
993	95
994	95
995	95
996	95
997	95
998	95
999	95
1000	95
1001	95
1002	95
1003	95
1004	95
1005	95
1006	95
1007	95
1008	95
1009	95
1010	95
1011	95
1012	95
1013	95
1014	95
1015	95
1016	95
1017	95
1018	95
1019	95
1020	95
1021	95
1022	95
1023	95
1024	95
1025	95
1026	95
1027	95
1028	95
1029	95
1030	95
1031	95
1032	95
1033	95
1034	95
1035	95
1036	95
1037	95
1038	95
1039	95
1040	96
1041	96
1042	96
1043	96
1044	96
1045	96
1046	96
1047	96
1048	96
1049	96
1050	96
1051	96
1052	96
1053	96
1054	96
1055	96
1056	96
1057	96
1058	96
1059	96
1060	96
1061	96
1062	96
1063	96
1064	96
1065	96
1066	96
1067	96
1068	96
1069	96
1070	96
1071	96
1072	96
1073	96
1074	96
1075	96
1076	96
1077	96
1078	96
1079	96
1080	96
1081	96
1082	96
1083	96
1084	96
1085	96
1086	96
1087	96
1088	96
1089	96
1090	96
1091	96
1092	96
1093	96
1094	96
1095	96
1096	96
1097	96
1098	96
1099	96
1100	96
1101	96
1102	96
1103	96
1104	96
1105	96
1106	96
1107	96
1108	96
1109	96
1110	96
1111	96
1112	96
1113	96
1114	96
1115	96
1116	96
1117	96
1118	96
1119	96
1120	96
1121	96
1122	96
1123	96
1124	96
1125	96
1126	96
1127	96
1128	96
1129	96
1130	96
1131	96
1132	96
1133	96
1134	96
1135	96
1136	96
1137	96
1138	96
1139	96
1140	96
1141	96
1142	96
1143	96
1144	96
1145	96
1146	96
1147	96
1148	96
1149	96
1150	96
1151	96
1152	96
1153	96
1154	96
1155	96
1156	96
1157	96
1158	96
1159	96
1160	96
1161	96
1162	96
1163	96
1164	96
1165	96
1166	96
1167	96
1168	96
1169	96
1170	96
1171	96
1172	96
1173	96
1174	96
1175	96
1176	96
1177	96
1178	97
1179	97
1180	97
1181	97
1182	97
1183	97
1184	97
1185	97
1186	97
1187	97
1188	97
1189	97
1190	97
1191	97
1192	97
1193	97
1194	97
1195	97
1196	97
1197	97
1198	97
1199	97
1200	97
1201	97
1202	97
1203	97
1204	97
1205	97
1206	97
1207	97
1208	97
1209	97
1210	97
1211	97
1212	97
1213	97
1214	97
1215	97
1216	97
1217	97
1218	97
1219	97
1220	97
1221	97
1222	97
1223	97
1224	97
1225	97
1226	97
1227	97
1228	97
1229	97
1230	97
1231	97
1232	97
1233	97
1234	97
1235	97
1236	97
1237	97
1238	97
1239	97
1240	97
1241	97
1242	97
1243	97
1244	97
1245	97
1246	97
1247	97
1248	97
1249	97
1250	97
1251	97
1252	97
1253	97
1254	97
1255	97
1256	97
1257	97
1258	97
1259	97
1260	97
1261	97
1262	97
1263	97
1264	97
1265	97
1266	97
1267	97
1268	97
1269	97
1270	97
1271	97
1272	97
1273	97
1274	97
1275	97
1276	97
1277	97
1278	97
1279	97
1280	97
1281	97
1282	97
1283	97
1284	97
1285	97
1286	97
1287	97
1288	97
1289	97
1290	97
1291	97
1292	97
1293	97
1294	97
1295	97
1296	97
1297	97
1298	97
1299	97
1300	97
1301	97
1302	97
1303	97
1304	97
1305	97
1306	97
1307	97
1308	97
1309	97
1310	97
1311	97
1312	97
1313	97
1314	97
1315	97
1316	97
1317	97
1318	97
1319	97
1320	97
1321	97
1322	97
1323	97
1324	97
1325	97
1326	97
1327	97
1328	97
1329	97
1330	97
1331	97
1332	97
1333	97
1334	97
1335	97
1336	97
1337	97
1338	97
1339	97
1340	97
1341	97
1342	97
1343	97
1344	97
1345	97
1346	97
1347	97
1348	97
1349	97
1350	97
1351	97
1352	97
1353	97
1354	97
1355	97
1356	97
1357	97
1358	97
1359	97
1360	97
1361	97
1362	97
1363	97
1364	97
1365	97
1366	97
1367	97
1368	97
1369	97
1370	97
1371	97
1372	97
1373	97
1374	97
1375	97
1376	97
1377	97
1378	97
1379	97
1380	97
1381	97
1382	97
1383	97
1384	97
1385	97
1386	97
1387	97
1388	97
1389	97
1390	97
1391	97
1392	97
1393	97
1394	97
1395	97
1396	97
1397	97
1398	97
1399	97
1400	97
1401	97
1402	97
1403	97
1404	97
1405	97
1406	97
1407	97
1408	97
1409	97
1410	97
1411	97
1412	97
1413	97
1414	97
1415	97
1416	97
1417	97
1418	97
1419	97
1420	97
1421	97
1422	97
1423	97
1424	97
1425	97
1426	97
1427	97
1428	97
1429	97
1430	97
1431	97
1432	97
1433	97
1434	97
1435	97
1436	97
1437	97
1438	97
1439	97
1440	97
1441	97
1442	97
1443	97
1444	97
1445	97
1446	97
1447	97
1448	97
1449	97
1450	97
1451	97
1452	97
1453	97
1454	97
1455	96
1456	96
1457	96
1458	96
1459	96
1460	96
1461	96
1462	96
1463	96
1464	96
1465	96
1466	96
1467	96
1468	96
1469	96
1470	96
1471	96
1472	96
1473	96
1474	96
1475	96
1476	96
1477	96
1478	96
1479	96
1480	96
1481	96
1482	96
1483	96
1484	96
1485	96
1486	96
1487	96
1488	96
1489	96
1490	96
1491	96
1492	96
1493	96
1494	96
1495	96
1496	96
1497	96
1498	96
1499	96
1500	96
1501	96
1502	96
1503	96
1504	96
1505	96
1506	96
1507	96
1508	96
1509	96
1510	96
1511	96
1512	96
1513	96
1514	96
1515	96
1516	96
1517	96
1518	96
1519	96
1520	96
1521	96
1522	96
1523	96
1524	96
1525	96
1526	96
1527	96
1528	96
1529	96
1530	96
1531	96
1532	96
1533	96
1534	96
1535	96
1536	96
1537	96
1538	96
1539	96
1540	96
1541	96
1542	96
1543	96
1544	96
1545	96
1546	96
1547	96
1548	96
1549	96
1550	96
1551	96
1552	96
1553	96
1554	96
1555	96
1556	96
1557	96
1558	96
1559	96
1560	96
1561	96
1562	96
1563	96
1564	96
1565	96
1566	96
1567	96
1568	96
1569	96
1570	96
1571	96
1572	96
1573	96
1574	96
1575	96
1576	96
1577	96
1578	96
1579	96
1580	96
1581	96
1582	96
1583	96
1584	96
1585	96
1586	96
1587	96
1588	96
1589	96
1590	96
1591	96
1592	96
1593	96
1594	96
1595	96
1596	96
1597	96
1598	96
1599	96
1600	96
1601	96
1602	96
1603	96
1604	96
1605	96
1606	96
1607	96
1608	96
1609	96
1610	96
1611	96
1612	96
1613	96
1614	96
1615	96
1616	96
1617	96
1618	96
1619	96
1620	96
1621	96
1622	96
1623	96
1624	96
1625	96
1626	96
1627	96
1628	96
1629	96
1630	96
1631	96
1632	96
1633	96
1634	96
1635	96
1636	96
1637	96
1638	96
1639	96
1640	96
1641	96
1642	96
1643	96
1644	96
1645	96
1646	96
1647	96
1648	96
1649	96
1650	96
1651	96
1652	96
1653	96
1654	96
1655	96
1656	96
1657	96
1658	96
1659	96
1660	96
1661	96
1662	96
1663	96
1664	96
1665	96
1666	96
1667	96
1668	96
1669	96
1670	96
1671	96
1672	96
1673	96
1674	96
1675	96
1676	96
1677	96
1678	96
1679	96
1680	96
1681	96
1682	96
1683	96
1684	96
1685	96
1686	96
1687	96
1688	96
1689	96
1690	96
1691	96
1692	96
1693	96
1694	96
1695	96
1696	96
1697	96
1698	96
1699	96
1700	96
1701	96
1702	96
1703	96
1704	96
1705	96
1706	96
1707	96
1708	96
1709	96
1710	96
1711	96
1712	96
1713	96
1714	96
1715	96
1716	96
1717	96
1718	96
1719	96
1720	96
1721	96
1722	96
1723	96
1724	96
1725	96
1726	96
1727	96
1728	96
1729	96
1730	96
1731	96
1732	96
1733	96
1734	96
1735	96
1736	96
1737	96
1738	96
1739	96
1740	96
1741	96
1742	96
1743	96
1744	96
1745	96
1746	96
1747	96
1748	96
1749	96
1750	96
1751	96
1752	96
1753	96
1754	96
1755	96
1756	96
1757	96
1758	96
1759	96
1760	96
1761	96
1762	96
1763	96
1764	96
1765	96
1766	96
1767	96
1768	96
1769	96
1770	96
1771	96
1772	96
1773	96
1774	96
1775	96
1776	96
1777	96
1778	96
1779	96
1780	96
1781	96
1782	96
1783	96
1784	96
1785	96
1786	96
1787	96
1788	96
1789	96
1790	96
1791	96
1792	96
1793	96
1794	96
1795	96
1796	96
1797	96
1798	96
1799	96
1800	96
