1	99
2	99
3	99
4	99
5	99
6	99
7	99
8	99
9	99
10	99
11	99
12	99
13	99
14	99
15	99
16	99
17	99
18	99
19	99
20	99
21	99
22	99
23	99
24	99
25	99
26	99
27	99
28	99
29	99
30	99
31	99
32	99
33	99
34	99
35	99
36	99
37	99
38	99
39	99
40	99
41	99
42	99
43	99
44	99
45	99
46	99
47	99
48	99
49	99
50	99
51	99
52	99
53	99
54	99
55	99
56	99
57	99
58	99
59	99
60	99
61	99
62	99
63	99
64	99
65	99
66	99
67	99
68	99
69	99
70	99
71	99
72	99
73	99
74	99
75	99
76	99
77	99
78	99
79	99
80	99
81	99
82	99
83	99
84	99
85	99
86	99
87	99
88	99
89	99
90	99
91	99
92	99
93	99
94	99
95	99
96	99
97	99
98	99
99	99
100	99
101	99
102	99
103	99
104	99
105	99
106	99
107	99
108	99
109	99
110	99
111	99
112	99
113	99
114	99
115	99
116	99
117	99
118	99
119	99
120	99
121	99
122	99
123	99
124	99
125	99
126	99
127	99
128	99
129	99
130	99
131	99
132	99
133	99
134	99
135	99
136	99
137	99
138	99
139	99
140	99
141	99
142	99
143	99
144	99
145	99
146	99
147	99
148	99
149	99
150	99
151	99
152	99
153	99
154	99
155	99
156	99
157	99
158	99
159	99
160	99
161	99
162	99
163	99
164	99
165	99
166	99
167	99
168	99
169	99
170	99
171	99
172	99
173	99
174	99
175	99
176	99
177	99
178	99
179	99
180	99
181	99
182	99
183	99
184	99
185	99
186	99
187	99
188	99
189	99
190	99
191	99
192	99
193	99
194	99
195	99
196	99
197	99
198	99
199	99
200	99
201	99
202	99
203	99
204	99
205	99
206	99
207	99
208	99
209	99
210	99
211	99
212	99
213	99
214	99
215	99
216	99
217	99
218	99
219	99
220	99
221	99
222	99
223	99
224	99
225	99
226	99
227	99
228	99
229	99
230	99
231	99
232	99
233	99
234	99
235	99
236	99
237	99
238	99
239	99
240	99
241	99
242	99
243	99
244	99
245	99
246	99
247	99
248	99
249	99
250	99
251	99
252	99
253	99
254	99
255	99
256	99
257	99
258	99
259	99
260	99
261	99
262	99
263	99
264	99
265	99
266	99
267	99
268	99
269	99
270	99
271	99
272	99
273	99
274	99
275	99
276	99
277	99
278	99
279	99
280	99
281	99
282	99
283	99
284	99
285	99
286	99
287	99
288	99
289	99
290	99
291	99
292	99
293	99
294	99
295	99
296	99
297	99
298	99
299	99
300	99
301	99
302	99
303	99
304	99
305	99
306	99
307	99
308	99
309	99
310	99
311	99
312	99
313	99
314	99
315	99
316	99
317	99
318	99
319	99
320	99
321	99
322	99
323	99
324	99
325	99
326	99
327	99
328	99
329	99
330	99
331	99
332	99
333	99
334	99
335	99
336	99
337	99
338	99
339	99
340	99
341	99
342	99
343	99
344	99
345	99
346	99
347	99
348	99
349	99
350	99
351	99
352	99
353	99
354	99
355	99
356	99
357	99
358	99
359	99
360	99
361	99
362	99
363	99
364	99
365	99
366	99
367	99
368	99
369	99
370	99
371	99
372	99
373	99
374	99
375	99
376	99
377	99
378	99
379	99
380	99
381	99
382	99
383	99
384	99
385	99
386	99
387	99
388	99
389	99
390	99
391	99
392	99
393	99
394	99
395	99
396	99
397	99
398	99
399	99
400	99
401	99
402	99
403	99
404	99
405	99
406	99
407	99
408	99
409	99
410	99
411	99
412	99
413	99
414	99
415	99
416	99
417	99
418	99
419	99
420	99
421	99
422	99
423	99
424	99
425	99
426	99
427	99
428	99
429	99
430	99
431	99
432	99
433	99
434	99
435	99
436	99
437	99
438	99
439	99
440	99
441	99
442	99
443	99
444	99
445	99
446	99
447	99
448	99
449	99
450	99
451	99
452	99
453	99
454	99
455	99
456	99
457	99
458	99
459	99
460	99
461	99
462	99
463	99
464	99
465	99
466	99
467	99
468	99
469	99
470	99
471	99
472	99
473	99
474	99
475	99
476	99
477	99
478	99
479	99
480	99
481	99
482	99
483	99
484	99
485	99
486	99
487	99
488	99
489	99
490	99
491	99
492	99
493	99
494	99
495	99
496	99
497	99
498	99
499	99
500	99
501	99
502	99
503	99
504	99
505	99
506	99
507	99
508	99
509	99
510	99
511	99
512	99
513	99
514	99
515	99
516	99
517	99
518	99
519	99
520	99
521	99
522	99
523	99
524	99
525	99
526	99
527	99
528	99
529	99
530	99
531	99
532	99
533	99
534	99
535	99
536	99
537	99
538	99
539	99
540	99
541	99
542	99
543	99
544	99
545	99
546	99
547	99
548	99
549	99
550	99
551	99
552	99
553	99
554	99
555	99
556	99
557	99
558	99
559	99
560	99
561	99
562	99
563	99
564	99
565	99
566	99
567	99
568	99
569	99
570	99
571	99
572	99
573	99
574	99
575	99
576	99
577	99
578	99
579	99
580	99
581	99
582	99
583	99
584	99
585	99
586	99
587	99
588	99
589	99
590	99
591	99
592	99
593	99
594	99
595	99
596	99
597	99
598	99
599	99
600	99
601	99
602	98
603	98
604	98
605	98
606	98
607	98
608	98
609	98
610	98
611	98
612	98
613	98
614	98
615	98
616	98
617	98
618	98
619	98
620	98
621	98
622	98
623	98
624	98
625	98
626	98
627	98
628	98
629	98
630	98
631	98
632	98
633	98
634	98
635	98
636	98
637	98
638	98
639	98
640	98
641	98
642	98
643	98
644	98
645	98
646	98
647	98
648	98
649	98
650	98
651	98
652	98
653	98
654	98
655	98
656	98
657	98
658	98
659	98
660	98
661	98
662	98
663	98
664	98
665	98
666	98
667	98
668	98
669	98
670	98
671	98
672	98
673	98
674	98
675	98
676	98
677	98
678	98
679	98
680	98
681	98
682	98
683	98
684	98
685	98
686	98
687	98
688	99
689	99
690	99
691	99
692	99
693	99
694	99
695	99
696	99
697	99
698	99
699	99
700	99
701	99
702	99
703	99
704	99
705	99
706	99
707	99
708	99
709	99
710	99
711	99
712	99
713	99
714	99
715	99
716	99
717	99
718	99
719	99
720	99
721	99
722	99
723	99
724	99
725	99
726	99
727	99
728	99
729	99
730	99
731	99
732	99
733	99
734	99
735	99
736	99
737	99
738	99
739	99
740	99
741	99
742	99
743	99
744	99
745	99
746	99
747	99
748	99
749	99
750	99
751	99
752	99
753	99
754	99
755	99
756	99
757	99
758	99
759	99
760	99
761	99
762	99
763	99
764	99
765	99
766	99
767	99
768	99
769	99
770	99
771	99
772	99
773	99
774	99
775	99
776	99
777	99
778	99
779	99
780	99
781	99
782	99
783	99
784	99
785	99
786	99
787	99
788	99
789	99
790	99
791	99
792	99
793	99
794	99
795	99
796	99
797	99
798	99
799	99
800	99
801	99
802	99
803	99
804	99
805	99
806	99
807	99
808	99
809	99
810	99
811	99
812	99
813	99
814	99
815	99
816	99
817	99
818	99
819	99
820	99
821	99
822	99
823	99
824	99
825	99
826	99
827	99
828	99
829	99
830	99
831	99
832	99
833	99
834	99
835	99
836	99
837	99
838	99
839	99
840	99
841	99
842	99
843	99
844	99
845	99
846	99
847	99
848	99
849	99
850	99
851	99
852	99
853	99
854	99
855	99
856	99
857	99
858	99
859	99
860	99
861	99
862	99
863	99
864	99
865	99
866	99
867	99
868	99
869	99
870	99
871	99
872	99
873	99
874	99
875	99
876	99
877	99
878	99
879	99
880	99
881	99
882	99
883	99
884	99
885	99
886	99
887	99
888	99
889	99
890	99
891	100
892	100
893	100
894	100
895	100
896	100
897	100
898	100
899	100
900	100
901	100
902	100
903	100
904	100
905	100
906	100
907	100
908	100
909	100
910	100
911	100
912	100
913	100
914	100
915	100
916	100
917	100
918	100
919	100
920	100
921	100
922	100
923	100
924	100
925	100
926	100
927	100
928	100
929	100
930	100
931	100
932	100
933	100
934	100
935	100
936	100
937	100
938	100
939	100
940	100
941	100
942	100
943	100
944	100
945	100
946	100
947	100
948	100
949	100
950	100
951	100
952	100
953	100
954	100
955	100
956	100
957	100
958	100
959	100
960	100
961	100
962	100
963	100
964	100
965	99
966	99
967	99
968	99
969	99
970	99
971	99
972	99
973	99
974	99
975	99
976	99
977	99
978	99
979	99
980	99
981	99
982	99
983	99
984	99
985	99
986	99
987	99
988	99
989	99
990	99
991	99
992	99
993	99
994	99
995	99
996	99
997	99
998	99
999	99
1000	99
1001	99
1002	99
1003	99
1004	99
1005	99
1006	99
1007	99
1008	99
1009	99
1010	99
1011	99
1012	99
1013	99
1014	99
1015	99
1016	99
1017	99
1018	99
1019	99
1020	99
1021	99
1022	99
1023	99
1024	99
1025	99
1026	99
1027	99
1028	99
1029	99
1030	99
1031	99
1032	99
1033	99
1034	99
1035	99
1036	99
1037	99
1038	99
1039	99
1040	99
1041	99
1042	99
1043	99
1044	99
1045	99
1046	99
1047	99
1048	99
1049	99
1050	99
1051	99
1052	99
1053	99
1054	99
1055	99
1056	99
1057	99
1058	99
1059	99
1060	99
1061	99
1062	99
1063	99
1064	99
1065	99
1066	99
1067	99
1068	99
1069	99
1070	99
1071	99
1072	99
1073	99
1074	99
1075	99
1076	99
1077	99
1078	99
1079	99
1080	99
1081	99
1082	99
1083	99
1084	99
1085	99
1086	99
1087	99
1088	99
1089	99
1090	99
1091	99
1092	99
1093	99
1094	99
1095	99
1096	99
1097	99
1098	99
1099	99
1100	99
1101	99
1102	99
1103	99
1104	99
1105	99
1106	99
1107	99
1108	99
1109	99
1110	99
1111	99
1112	99
1113	99
1114	99
1115	99
1116	99
1117	99
1118	99
1119	99
1120	99
1121	99
1122	99
1123	99
1124	99
1125	99
1126	99
1127	99
1128	99
1129	99
1130	99
1131	99
1132	99
1133	99
1134	99
1135	99
1136	99
1137	99
1138	99
1139	99
1140	99
1141	99
1142	99
1143	99
1144	99
1145	99
1146	99
1147	99
1148	99
1149	99
1150	99
1151	99
1152	99
1153	99
1154	99
1155	99
1156	99
1157	99
1158	99
1159	99
1160	99
1161	99
1162	99
1163	99
1164	99
1165	99
1166	99
1167	99
1168	99
1169	99
1170	99
1171	99
1172	99
1173	99
1174	99
1175	99
1176	99
1177	99
1178	99
1179	99
1180	99
1181	99
1182	99
1183	99
1184	99
1185	99
1186	99
1187	99
1188	99
1189	99
1190	99
1191	99
1192	99
1193	99
1194	99
1195	99
1196	99
1197	99
1198	99
1199	99
1200	99
1201	99
1202	99
1203	99
1204	99
1205	99
1206	99
1207	99
1208	99
1209	99
1210	99
1211	99
1212	99
1213	99
1214	99
1215	99
1216	99
1217	99
1218	99
1219	99
1220	99
1221	99
1222	99
1223	99
1224	99
1225	99
1226	99
1227	99
1228	99
1229	99
1230	99
1231	99
1232	99
1233	99
1234	99
1235	99
1236	99
1237	99
1238	99
1239	99
1240	99
1241	99
1242	98
1243	98
1244	98
1245	98
1246	98
1247	98
1248	98
1249	98
1250	98
1251	98
1252	98
1253	98
1254	98
1255	98
1256	98
1257	98
1258	98
1259	98
1260	98
1261	98
1262	98
1263	98
1264	98
1265	98
1266	98
1267	98
1268	98
1269	98
1270	98
1271	98
1272	98
1273	98
1274	98
1275	98
1276	98
1277	98
1278	98
1279	98
1280	98
1281	98
1282	98
1283	98
1284	98
1285	98
1286	98
1287	98
1288	98
1289	98
1290	98
1291	98
1292	98
1293	98
1294	98
1295	98
1296	98
1297	98
1298	98
1299	98
1300	98
1301	98
1302	98
1303	98
1304	98
1305	98
1306	98
1307	98
1308	98
1309	98
1310	98
1311	98
1312	98
1313	98
1314	98
1315	98
1316	98
1317	98
1318	98
1319	98
1320	98
1321	98
1322	98
1323	98
1324	98
1325	98
1326	98
1327	98
1328	98
1329	98
1330	98
1331	98
1332	98
1333	98
1334	98
1335	98
1336	98
1337	98
1338	98
1339	98
1340	98
1341	98
1342	98
1343	98
1344	98
1345	98
1346	98
1347	98
1348	98
1349	98
1350	98
1351	98
1352	98
1353	98
1354	98
1355	98
1356	98
1357	98
1358	98
1359	98
1360	98
1361	98
1362	98
1363	98
1364	98
1365	98
1366	98
1367	98
1368	98
1369	98
1370	98
1371	98
1372	98
1373	98
1374	98
1375	98
1376	98
1377	98
1378	98
1379	98
1380	98
1381	98
1382	98
1383	98
1384	98
1385	98
1386	98
1387	98
1388	98
1389	98
1390	98
1391	98
1392	98
1393	98
1394	98
1395	98
1396	98
1397	98
1398	98
1399	98
1400	98
1401	98
1402	98
1403	98
1404	98
1405	98
1406	98
1407	98
1408	98
1409	98
1410	98
1411	98
1412	98
1413	98
1414	98
1415	98
1416	98
1417	98
1418	98
1419	98
1420	98
1421	98
1422	98
1423	98
1424	98
1425	98
1426	98
1427	98
1428	98
1429	98
1430	98
1431	98
1432	98
1433	98
1434	98
1435	98
1436	98
1437	98
1438	98
1439	98
1440	98
1441	98
1442	98
1443	98
1444	98
1445	98
1446	98
1447	98
1448	98
1449	98
1450	98
1451	98
1452	98
1453	98
1454	98
1455	98
1456	98
1457	98
1458	98
1459	98
1460	98
1461	98
1462	98
1463	98
1464	98
1465	98
1466	98
1467	98
1468	98
1469	98
1470	98
1471	98
1472	98
1473	98
1474	98
1475	98
1476	98
1477	98
1478	98
1479	98
1480	98
1481	98
1482	98
1483	98
1484	98
1485	98
1486	98
1487	98
1488	98
1489	98
1490	98
1491	98
1492	98
1493	98
1494	98
1495	98
1496	98
1497	98
1498	98
1499	98
1500	98
1501	98
1502	98
1503	98
1504	98
1505	98
1506	98
1507	98
1508	98
1509	98
1510	98
1511	98
1512	98
1513	98
1514	98
1515	98
1516	98
1517	98
1518	98
1519	98
1520	98
1521	98
1522	98
1523	98
1524	98
1525	98
1526	98
1527	98
1528	98
1529	98
1530	98
1531	98
1532	98
1533	98
1534	98
1535	98
1536	98
1537	98
1538	98
1539	98
1540	98
1541	98
1542	98
1543	98
1544	98
1545	98
1546	98
1547	98
1548	98
1549	98
1550	98
1551	97
1552	97
1553	97
1554	97
1555	97
1556	97
1557	97
1558	97
1559	97
1560	97
1561	97
1562	97
1563	97
1564	97
1565	97
1566	97
1567	97
1568	97
1569	97
1570	97
1571	97
1572	97
1573	97
1574	97
1575	97
1576	97
1577	97
1578	97
1579	97
1580	97
1581	97
1582	97
1583	97
1584	97
1585	97
1586	97
1587	97
1588	97
1589	97
1590	97
1591	97
1592	97
1593	97
1594	97
1595	97
1596	97
1597	97
1598	97
1599	97
1600	97
1601	97
1602	97
1603	97
1604	97
1605	97
1606	97
1607	97
1608	97
1609	97
1610	97
1611	97
1612	97
1613	97
1614	97
1615	96
1616	96
1617	96
1618	96
1619	96
1620	96
1621	96
1622	96
1623	96
1624	96
1625	96
1626	96
1627	96
1628	96
1629	96
1630	96
1631	96
1632	96
1633	96
1634	96
1635	96
1636	96
1637	96
1638	96
1639	96
1640	96
1641	96
1642	96
1643	96
1644	96
1645	96
1646	96
1647	96
1648	96
1649	96
1650	96
1651	96
1652	96
1653	96
1654	96
1655	96
1656	96
1657	96
1658	96
1659	96
1660	96
1661	96
1662	96
1663	96
1664	96
1665	96
1666	96
1667	96
1668	96
1669	96
1670	96
1671	96
1672	96
1673	96
1674	96
1675	96
1676	96
1677	96
1678	96
1679	96
1680	96
1681	96
1682	96
1683	96
1684	96
1685	96
1686	96
1687	96
1688	96
1689	96
1690	96
1691	96
1692	96
1693	96
1694	96
1695	96
1696	96
1697	96
1698	96
1699	96
1700	96
1701	96
1702	96
1703	96
1704	96
1705	96
1706	96
1707	96
1708	96
1709	96
1710	96
1711	96
1712	96
1713	96
1714	96
1715	96
1716	96
1717	96
1718	96
1719	96
1720	96
1721	96
1722	96
1723	96
1724	96
1725	96
1726	96
1727	96
1728	96
1729	96
1730	96
1731	96
1732	96
1733	96
1734	96
1735	96
1736	96
1737	96
1738	96
1739	96
1740	96
1741	96
1742	96
1743	96
1744	96
1745	96
1746	96
1747	96
1748	96
1749	96
1750	96
1751	96
1752	96
1753	96
1754	96
1755	96
1756	96
1757	96
1758	96
1759	96
1760	96
1761	96
1762	96
1763	96
1764	96
1765	96
1766	96
1767	96
1768	96
1769	96
1770	96
1771	96
1772	96
1773	96
1774	96
1775	96
1776	96
1777	96
1778	96
1779	96
1780	96
1781	96
1782	96
1783	96
1784	96
1785	96
1786	96
1787	96
1788	96
1789	96
1790	96
1791	96
1792	96
1793	96
1794	96
1795	96
1796	96
1797	97
1798	97
1799	97
1800	97
