1	98
2	98
3	98
4	98
5	98
6	98
7	98
8	98
9	98
10	98
11	98
12	98
13	98
14	97
15	97
16	97
17	97
18	97
19	97
20	97
21	97
22	97
23	97
24	97
25	97
26	97
27	97
28	97
29	97
30	97
31	97
32	97
33	97
34	97
35	97
36	98
37	98
38	98
39	98
40	98
41	98
42	98
43	98
44	98
45	98
46	98
47	98
48	98
49	98
50	98
51	98
52	98
53	98
54	98
55	98
56	98
57	98
58	98
59	98
60	98
61	98
62	98
63	98
64	98
65	98
66	98
67	97
68	97
69	97
70	97
71	97
72	97
73	97
74	97
75	97
76	97
77	97
78	97
79	97
80	97
81	97
82	97
83	97
84	97
85	97
86	97
87	97
88	97
89	97
90	97
91	97
92	97
93	97
94	97
95	97
96	97
97	97
98	97
99	97
100	97
101	97
102	97
103	97
104	97
105	97
106	97
107	97
108	97
109	97
110	97
111	97
112	97
113	97
114	97
115	97
116	97
117	97
118	97
119	97
120	97
121	97
122	97
123	97
124	97
125	97
126	97
127	97
128	97
129	97
130	97
131	97
132	97
133	97
134	97
135	97
136	97
137	97
138	97
139	97
140	97
141	97
142	97
143	97
144	97
145	97
146	97
147	97
148	97
149	97
150	97
151	97
152	97
153	98
154	98
155	98
156	98
157	98
158	98
159	98
160	98
161	98
162	98
163	98
164	98
165	98
166	98
167	98
168	98
169	98
170	98
171	98
172	98
173	98
174	98
175	98
176	98
177	98
178	98
179	98
180	98
181	98
182	98
183	98
184	98
185	98
186	98
187	98
188	98
189	98
190	98
191	98
192	98
193	98
194	98
195	98
196	98
197	98
198	98
199	98
200	98
201	98
202	98
203	98
204	98
205	98
206	98
207	98
208	98
209	98
210	98
211	98
212	98
213	98
214	98
215	98
216	98
217	98
218	98
219	98
220	98
221	98
222	98
223	98
224	98
225	98
226	98
227	98
228	98
229	98
230	98
231	98
232	98
233	98
234	98
235	98
236	98
237	98
238	98
239	98
240	98
241	98
242	98
243	98
244	98
245	98
246	98
247	98
248	98
249	98
250	98
251	98
252	98
253	98
254	98
255	98
256	98
257	98
258	98
259	98
260	98
261	98
262	98
263	98
264	98
265	98
266	98
267	98
268	98
269	98
270	98
271	98
272	98
273	98
274	98
275	98
276	98
277	98
278	98
279	98
280	98
281	98
282	98
283	98
284	98
285	98
286	98
287	98
288	98
289	98
290	98
291	98
292	98
293	98
294	98
295	98
296	98
297	98
298	98
299	98
300	98
301	98
302	98
303	98
304	98
305	98
306	98
307	98
308	98
309	98
310	98
311	98
312	98
313	98
314	98
315	98
316	98
317	98
318	98
319	98
320	98
321	98
322	98
323	98
324	98
325	98
326	98
327	98
328	98
329	98
330	98
331	98
332	98
333	98
334	98
335	98
336	98
337	98
338	98
339	98
340	98
341	98
342	98
343	98
344	98
345	98
346	98
347	98
348	98
349	98
350	98
351	98
352	98
353	98
354	98
355	98
356	98
357	98
358	98
359	98
360	98
361	98
362	98
363	98
364	98
365	98
366	98
367	98
368	98
369	98
370	98
371	98
372	98
373	98
374	98
375	98
376	98
377	98
378	98
379	98
380	98
381	98
382	98
383	98
384	98
385	98
386	98
387	98
388	98
389	98
390	98
391	98
392	98
393	98
394	98
395	98
396	98
397	98
398	98
399	98
400	98
401	98
402	98
403	98
404	98
405	98
406	98
407	98
408	98
409	98
410	98
411	98
412	98
413	98
414	98
415	98
416	98
417	98
418	98
419	98
420	98
421	98
422	98
423	98
424	98
425	98
426	98
427	98
428	98
429	98
430	98
431	98
432	98
433	98
434	98
435	98
436	98
437	98
438	98
439	98
440	98
441	98
442	98
443	98
444	98
445	98
446	98
447	98
448	98
449	98
450	98
451	98
452	98
453	98
454	98
455	98
456	98
457	98
458	98
459	98
460	98
461	98
462	98
463	98
464	98
465	98
466	98
467	98
468	98
469	98
470	98
471	98
472	98
473	98
474	98
475	98
476	98
477	98
478	98
479	98
480	98
481	98
482	98
483	98
484	98
485	98
486	98
487	98
488	98
489	98
490	98
491	98
492	98
493	98
494	98
495	98
496	98
497	98
498	98
499	98
500	98
501	98
502	98
503	98
504	98
505	98
506	98
507	98
508	98
509	98
510	98
511	98
512	98
513	98
514	98
515	98
516	98
517	98
518	98
519	98
520	98
521	98
522	98
523	98
524	98
525	98
526	98
527	98
528	98
529	98
530	98
531	98
532	98
533	98
534	98
535	98
536	98
537	98
538	98
539	98
540	98
541	98
542	98
543	98
544	98
545	98
546	98
547	98
548	98
549	98
550	98
551	98
552	98
553	98
554	98
555	98
556	98
557	98
558	98
559	98
560	98
561	98
562	98
563	98
564	98
565	98
566	98
567	98
568	98
569	98
570	98
571	98
572	98
573	98
574	98
575	98
576	98
577	98
578	98
579	98
580	98
581	98
582	98
583	98
584	98
585	98
586	98
587	98
588	98
589	98
590	98
591	98
592	98
593	98
594	98
595	98
596	98
597	98
598	98
599	98
600	98
601	98
602	98
603	98
604	98
605	98
606	98
607	98
608	98
609	98
610	98
611	98
612	98
613	98
614	98
615	98
616	98
617	98
618	98
619	98
620	98
621	98
622	98
623	98
624	98
625	98
626	98
627	98
628	98
629	98
630	98
631	98
632	98
633	98
634	98
635	98
636	98
637	98
638	98
639	98
640	98
641	98
642	98
643	98
644	98
645	98
646	98
647	98
648	98
649	98
650	98
651	98
652	98
653	98
654	98
655	98
656	98
657	98
658	98
659	98
660	98
661	98
662	98
663	98
664	98
665	98
666	98
667	98
668	98
669	98
670	98
671	98
672	98
673	98
674	98
675	98
676	98
677	98
678	98
679	98
680	98
681	98
682	98
683	98
684	98
685	98
686	98
687	98
688	98
689	98
690	98
691	98
692	98
693	98
694	98
695	98
696	98
697	98
698	98
699	98
700	98
701	98
702	98
703	98
704	98
705	98
706	98
707	98
708	98
709	98
710	98
711	98
712	98
713	98
714	98
715	98
716	98
717	98
718	98
719	98
720	98
721	98
722	98
723	98
724	98
725	98
726	98
727	98
728	98
729	98
730	98
731	98
732	98
733	98
734	98
735	98
736	98
737	98
738	98
739	98
740	98
741	98
742	98
743	98
744	98
745	98
746	98
747	98
748	98
749	98
750	98
751	98
752	98
753	98
754	98
755	98
756	98
757	98
758	98
759	98
760	98
761	98
762	98
763	98
764	98
765	98
766	98
767	98
768	98
769	98
770	98
771	98
772	98
773	98
774	98
775	98
776	98
777	98
778	98
779	98
780	98
781	98
782	97
783	97
784	97
785	97
786	97
787	97
788	97
789	97
790	97
791	97
792	97
793	97
794	97
795	97
796	97
797	97
798	97
799	97
800	97
801	97
802	97
803	97
804	97
805	97
806	97
807	97
808	97
809	97
810	97
811	97
812	97
813	97
814	97
815	97
816	97
817	97
818	97
819	97
820	97
821	97
822	97
823	97
824	97
825	97
826	97
827	97
828	97
829	97
830	97
831	97
832	97
833	97
834	97
835	97
836	97
837	97
838	97
839	97
840	97
841	97
842	97
843	97
844	97
845	97
846	97
847	97
848	97
849	97
850	97
851	97
852	97
853	97
854	97
855	97
856	97
857	97
858	97
859	97
860	97
861	97
862	97
863	97
864	97
865	97
866	97
867	97
868	97
869	97
870	97
871	97
872	97
873	97
874	97
875	97
876	97
877	97
878	97
879	97
880	97
881	97
882	97
883	97
884	97
885	97
886	97
887	97
888	97
889	97
890	97
891	97
892	97
893	97
894	97
895	97
896	97
897	97
898	97
899	97
900	97
901	97
902	97
903	97
904	97
905	97
906	97
907	97
908	97
909	97
910	97
911	97
912	97
913	97
914	97
915	97
916	97
917	97
918	97
919	97
920	97
921	97
922	97
923	97
924	97
925	97
926	97
927	97
928	97
929	97
930	97
931	97
932	97
933	97
934	97
935	97
936	97
937	97
938	97
939	97
940	97
941	97
942	97
943	97
944	97
945	97
946	97
947	97
948	97
949	97
950	97
951	97
952	97
953	97
954	97
955	97
956	97
957	97
958	97
959	97
960	97
961	97
962	97
963	97
964	97
965	97
966	97
967	97
968	97
969	97
970	97
971	97
972	97
973	97
974	97
975	97
976	97
977	97
978	97
979	97
980	97
981	97
982	97
983	97
984	97
985	97
986	97
987	97
988	97
989	97
990	97
991	97
992	97
993	97
994	97
995	97
996	97
997	97
998	97
999	97
1000	97
1001	97
1002	97
1003	97
1004	97
1005	97
1006	97
1007	97
1008	97
1009	97
1010	97
1011	97
1012	97
1013	97
1014	97
1015	97
1016	97
1017	97
1018	97
1019	97
1020	97
1021	97
1022	97
1023	97
1024	97
1025	97
1026	97
1027	96
1028	96
1029	96
1030	96
1031	96
1032	96
1033	96
1034	96
1035	96
1036	96
1037	96
1038	96
1039	96
1040	96
1041	96
1042	96
1043	96
1044	96
1045	96
1046	96
1047	96
1048	96
1049	96
1050	96
1051	96
1052	96
1053	96
1054	96
1055	96
1056	96
1057	96
1058	96
1059	96
1060	96
1061	96
1062	96
1063	96
1064	96
1065	96
1066	96
1067	96
1068	96
1069	96
1070	96
1071	96
1072	96
1073	96
1074	96
1075	96
1076	96
1077	96
1078	96
1079	96
1080	96
1081	96
1082	96
1083	96
1084	96
1085	96
1086	96
1087	96
1088	96
1089	96
1090	96
1091	96
1092	96
1093	96
1094	96
1095	96
1096	96
1097	96
1098	96
1099	96
1100	96
1101	96
1102	96
1103	96
1104	96
1105	96
1106	96
1107	96
1108	96
1109	96
1110	96
1111	96
1112	96
1113	96
1114	96
1115	96
1116	96
1117	96
1118	96
1119	96
1120	96
1121	96
1122	96
1123	96
1124	96
1125	96
1126	96
1127	96
1128	96
1129	96
1130	96
1131	96
1132	96
1133	96
1134	96
1135	96
1136	96
1137	96
1138	96
1139	96
1140	96
1141	96
1142	96
1143	96
1144	96
1145	96
1146	96
1147	96
1148	96
1149	96
1150	96
1151	96
1152	96
1153	96
1154	96
1155	96
1156	96
1157	96
1158	96
1159	96
1160	96
1161	96
1162	96
1163	96
1164	96
1165	96
1166	96
1167	96
1168	96
1169	96
1170	96
1171	96
1172	96
1173	96
1174	96
1175	96
1176	96
1177	96
1178	96
1179	96
1180	96
1181	96
1182	96
1183	96
1184	96
1185	96
1186	96
1187	96
1188	96
1189	96
1190	96
1191	96
1192	96
1193	96
1194	96
1195	96
1196	96
1197	96
1198	96
1199	96
1200	96
1201	96
1202	96
1203	96
1204	96
1205	96
1206	96
1207	96
1208	96
1209	96
1210	96
1211	96
1212	96
1213	96
1214	96
1215	96
1216	96
1217	96
1218	96
1219	96
1220	96
1221	96
1222	96
1223	96
1224	96
1225	96
1226	96
1227	96
1228	96
1229	96
1230	96
1231	96
1232	96
1233	96
1234	96
1235	96
1236	96
1237	96
1238	96
1239	96
1240	96
1241	97
1242	97
1243	97
1244	97
1245	97
1246	97
1247	97
1248	97
1249	97
1250	97
1251	97
1252	97
1253	97
1254	97
1255	97
1256	97
1257	97
1258	97
1259	97
1260	97
1261	97
1262	97
1263	97
1264	97
1265	97
1266	97
1267	97
1268	97
1269	97
1270	97
1271	97
1272	97
1273	97
1274	97
1275	97
1276	97
1277	97
1278	97
1279	97
1280	97
1281	97
1282	97
1283	97
1284	97
1285	97
1286	97
1287	97
1288	97
1289	97
1290	97
1291	97
1292	97
1293	97
1294	97
1295	97
1296	97
1297	97
1298	97
1299	97
1300	97
1301	97
1302	97
1303	97
1304	97
1305	98
1306	98
1307	98
1308	98
1309	98
1310	98
1311	98
1312	98
1313	98
1314	98
1315	98
1316	98
1317	98
1318	98
1319	98
1320	98
1321	98
1322	98
1323	98
1324	98
1325	98
1326	98
1327	98
1328	98
1329	98
1330	98
1331	98
1332	98
1333	98
1334	98
1335	98
1336	98
1337	98
1338	98
1339	98
1340	98
1341	98
1342	98
1343	98
1344	98
1345	98
1346	98
1347	98
1348	98
1349	98
1350	98
1351	98
1352	98
1353	98
1354	98
1355	98
1356	98
1357	98
1358	98
1359	98
1360	98
1361	98
1362	98
1363	98
1364	98
1365	98
1366	98
1367	98
1368	98
1369	98
1370	98
1371	98
1372	98
1373	98
1374	98
1375	98
1376	98
1377	98
1378	98
1379	98
1380	98
1381	98
1382	98
1383	98
1384	98
1385	98
1386	98
1387	98
1388	98
1389	98
1390	98
1391	98
1392	98
1393	98
1394	98
1395	98
1396	98
1397	98
1398	98
1399	98
1400	98
1401	98
1402	98
1403	98
1404	98
1405	98
1406	98
1407	98
1408	98
1409	98
1410	98
1411	98
1412	98
1413	98
1414	98
1415	98
1416	98
1417	98
1418	98
1419	98
1420	98
1421	98
1422	98
1423	98
1424	98
1425	98
1426	98
1427	98
1428	98
1429	98
1430	98
1431	98
1432	98
1433	98
1434	98
1435	98
1436	98
1437	98
1438	98
1439	98
1440	98
1441	98
1442	98
1443	98
1444	98
1445	98
1446	98
1447	98
1448	98
1449	98
1450	98
1451	98
1452	98
1453	98
1454	98
1455	98
1456	98
1457	98
1458	98
1459	98
1460	98
1461	98
1462	98
1463	98
1464	98
1465	98
1466	98
1467	98
1468	98
1469	98
1470	98
1471	98
1472	98
1473	98
1474	98
1475	98
1476	98
1477	98
1478	98
1479	98
1480	98
1481	98
1482	98
1483	98
1484	98
1485	98
1486	98
1487	98
1488	98
1489	98
1490	98
1491	98
1492	98
1493	98
1494	98
1495	98
1496	98
1497	98
1498	98
1499	98
1500	98
1501	98
1502	98
1503	98
1504	98
1505	98
1506	98
1507	98
1508	99
1509	99
1510	99
1511	99
1512	99
1513	99
1514	99
1515	99
1516	99
1517	99
1518	99
1519	99
1520	99
1521	99
1522	99
1523	99
1524	99
1525	99
1526	99
1527	99
1528	98
1529	98
1530	98
1531	98
1532	98
1533	98
1534	98
1535	98
1536	98
1537	98
1538	98
1539	98
1540	98
1541	98
1542	98
1543	98
1544	98
1545	98
1546	98
1547	98
1548	98
1549	98
1550	98
1551	98
1552	98
1553	98
1554	98
1555	98
1556	98
1557	98
1558	98
1559	98
1560	98
1561	98
1562	98
1563	98
1564	98
1565	98
1566	98
1567	98
1568	98
1569	98
1570	98
1571	98
1572	98
1573	98
1574	98
1575	98
1576	98
1577	98
1578	98
1579	98
1580	98
1581	98
1582	98
1583	98
1584	98
1585	98
1586	98
1587	98
1588	98
1589	98
1590	98
1591	98
1592	98
1593	98
1594	98
1595	98
1596	98
1597	98
1598	98
1599	98
1600	98
1601	98
1602	98
1603	98
1604	98
1605	98
1606	98
1607	98
1608	98
1609	98
1610	98
1611	98
1612	98
1613	98
1614	98
1615	98
1616	98
1617	98
1618	98
1619	98
1620	98
1621	98
1622	98
1623	98
1624	98
1625	98
1626	98
1627	98
1628	98
1629	98
1630	98
1631	98
1632	98
1633	98
1634	98
1635	98
1636	98
1637	98
1638	98
1639	98
1640	98
1641	98
1642	98
1643	98
1644	98
1645	98
1646	98
1647	98
1648	98
1649	98
1650	98
1651	98
1652	98
1653	98
1654	98
1655	98
1656	98
1657	98
1658	98
1659	98
1660	98
1661	98
1662	98
1663	98
1664	98
1665	98
1666	98
1667	98
1668	98
1669	98
1670	98
1671	98
1672	98
1673	98
1674	98
1675	98
1676	98
1677	98
1678	98
1679	98
1680	98
1681	98
1682	98
1683	98
1684	98
1685	98
1686	98
1687	98
1688	98
1689	98
1690	98
1691	98
1692	98
1693	98
1694	98
1695	98
1696	98
1697	98
1698	98
1699	98
1700	98
1701	98
1702	98
1703	98
1704	98
1705	98
1706	98
1707	98
1708	98
1709	98
1710	98
1711	98
1712	98
1713	98
1714	98
1715	98
1716	98
1717	98
1718	98
1719	98
1720	98
1721	98
1722	98
1723	98
1724	98
1725	98
1726	98
1727	98
1728	98
1729	98
1730	98
1731	98
1732	98
1733	98
1734	98
1735	98
1736	98
1737	98
1738	98
1739	98
1740	98
1741	98
1742	98
1743	98
1744	98
1745	98
1746	98
1747	98
1748	98
1749	98
1750	98
1751	98
1752	98
1753	98
1754	98
1755	98
1756	98
1757	98
1758	98
1759	98
1760	98
1761	98
1762	98
1763	98
1764	98
1765	98
1766	98
1767	98
1768	98
1769	98
1770	98
1771	98
1772	98
1773	98
1774	98
1775	98
1776	98
1777	98
1778	98
1779	98
1780	98
1781	98
1782	98
1783	98
1784	98
1785	98
1786	98
1787	98
1788	98
1789	98
1790	98
1791	98
1792	98
1793	98
1794	98
1795	98
1796	98
1797	98
1798	98
1799	98
1800	98
