1	98
2	98
3	98
4	98
5	98
6	98
7	98
8	98
9	98
10	98
11	98
12	98
13	98
14	98
15	98
16	98
17	98
18	98
19	98
20	98
21	98
22	98
23	98
24	98
25	98
26	98
27	98
28	98
29	98
30	98
31	98
32	98
33	98
34	98
35	98
36	98
37	98
38	98
39	98
40	98
41	98
42	97
43	97
44	97
45	97
46	97
47	97
48	97
49	97
50	97
51	97
52	97
53	97
54	97
55	97
56	97
57	97
58	97
59	97
60	97
61	97
62	97
63	97
64	97
65	97
66	97
67	97
68	97
69	97
70	97
71	97
72	97
73	97
74	97
75	97
76	97
77	97
78	97
79	97
80	97
81	97
82	97
83	97
84	97
85	96
86	96
87	96
88	96
89	96
90	96
91	96
92	96
93	96
94	96
95	96
96	96
97	96
98	96
99	96
100	96
101	96
102	96
103	96
104	96
105	96
106	96
107	96
108	96
109	96
110	96
111	96
112	96
113	96
114	96
115	96
116	96
117	95
118	95
119	95
120	95
121	95
122	95
123	95
124	95
125	95
126	95
127	95
128	95
129	95
130	95
131	95
132	95
133	95
134	95
135	95
136	95
137	95
138	94
139	93
140	93
141	93
142	93
143	93
144	93
145	93
146	93
147	93
148	93
149	93
150	93
151	93
152	93
153	93
154	93
155	93
156	93
157	93
158	93
159	93
160	93
161	93
162	93
163	93
164	93
165	93
166	93
167	93
168	93
169	93
170	92
171	91
172	91
173	91
174	91
175	91
176	91
177	91
178	91
179	91
180	91
181	91
182	91
183	91
184	91
185	91
186	91
187	91
188	91
189	91
190	91
191	90
192	90
193	90
194	90
195	90
196	90
197	90
198	90
199	90
200	90
201	90
202	90
203	90
204	90
205	90
206	90
207	90
208	90
209	90
210	90
211	90
212	90
213	90
214	90
215	90
216	90
217	90
218	90
219	90
220	90
221	90
222	90
223	89
224	89
225	89
226	89
227	89
228	89
229	89
230	89
231	89
232	89
233	89
234	89
235	89
236	89
237	89
238	89
239	89
240	89
241	89
242	89
243	89
244	89
245	89
246	89
247	89
248	89
249	89
250	89
251	89
252	89
253	89
254	89
255	89
256	89
257	89
258	89
259	89
260	89
261	89
262	89
263	89
264	89
265	89
266	88
267	88
268	88
269	88
270	88
271	88
272	88
273	88
274	88
275	88
276	88
277	88
278	88
279	88
280	88
281	88
282	88
283	88
284	88
285	88
286	88
287	88
288	88
289	88
290	88
291	88
292	88
293	88
294	88
295	88
296	88
297	88
298	88
299	88
300	88
301	88
302	88
303	88
304	88
305	88
306	88
307	88
308	88
309	87
310	87
311	87
312	87
313	87
314	87
315	87
316	87
317	87
318	87
319	87
320	87
321	87
322	87
323	87
324	87
325	87
326	87
327	87
328	87
329	87
330	87
331	87
332	87
333	87
334	87
335	87
336	87
337	87
338	87
339	87
340	87
341	86
342	86
343	86
344	86
345	86
346	86
347	86
348	86
349	86
350	86
351	86
352	86
353	86
354	86
355	86
356	86
357	86
358	86
359	86
360	86
361	86
362	86
363	86
364	86
365	86
366	86
367	86
368	86
369	86
370	86
371	86
372	86
373	86
374	86
375	86
376	86
377	86
378	86
379	86
380	86
381	86
382	86
383	86
384	86
385	86
386	86
387	86
388	86
389	86
390	86
391	86
392	86
393	86
394	86
395	86
396	86
397	86
398	86
399	86
400	86
401	86
402	86
403	86
404	86
405	86
406	86
407	86
408	86
409	86
410	86
411	86
412	86
413	86
414	86
415	85
416	85
417	85
418	85
419	85
420	85
421	85
422	85
423	85
424	85
425	85
426	85
427	85
428	85
429	85
430	85
431	85
432	85
433	85
434	85
435	85
436	85
437	85
438	85
439	85
440	85
441	85
442	85
443	85
444	85
445	85
446	85
447	85
448	85
449	85
450	85
451	85
452	85
453	85
454	85
455	85
456	85
457	85
458	85
459	85
460	85
461	85
462	85
463	85
464	85
465	85
466	85
467	85
468	85
469	85
470	85
471	85
472	85
473	85
474	85
475	85
476	85
477	85
478	85
479	85
480	85
481	85
482	85
483	85
484	85
485	85
486	85
487	85
488	85
489	85
490	84
491	84
492	84
493	84
494	84
495	84
496	84
497	84
498	84
499	84
500	84
501	84
502	84
503	84
504	84
505	84
506	84
507	84
508	84
509	84
510	84
511	84
512	84
513	84
514	84
515	84
516	84
517	84
518	84
519	84
520	84
521	84
522	84
523	84
524	84
525	84
526	84
527	84
528	84
529	84
530	84
531	84
532	84
533	84
534	84
535	84
536	84
537	84
538	84
539	84
540	84
541	84
542	84
543	84
544	84
545	84
546	84
547	84
548	84
549	84
550	84
551	84
552	84
553	84
554	83
555	83
556	83
557	83
558	83
559	83
560	83
561	83
562	83
563	83
564	83
565	83
566	83
567	83
568	83
569	83
570	83
571	83
572	83
573	83
574	83
575	83
576	83
577	83
578	83
579	83
580	83
581	83
582	83
583	83
584	83
585	83
586	83
587	83
588	83
589	83
590	83
591	83
592	83
593	83
594	83
595	83
596	83
597	83
598	83
599	83
600	83
601	83
602	83
603	83
604	83
605	83
606	83
607	83
608	83
609	83
610	83
611	83
612	83
613	83
614	83
615	83
616	83
617	83
618	83
619	83
620	83
621	83
622	83
623	83
624	83
625	83
626	83
627	83
628	83
629	82
630	82
631	82
632	82
633	82
634	82
635	82
636	82
637	82
638	82
639	82
640	82
641	82
642	82
643	82
644	82
645	82
646	82
647	82
648	82
649	82
650	82
651	82
652	82
653	82
654	82
655	82
656	82
657	82
658	82
659	82
660	82
661	81
662	81
663	81
664	81
665	81
666	81
667	81
668	81
669	81
670	81
671	81
672	81
673	81
674	81
675	81
676	81
677	81
678	81
679	81
680	81
681	81
682	81
683	81
684	81
685	81
686	81
687	81
688	81
689	81
690	81
691	81
692	81
693	81
694	81
695	81
696	81
697	81
698	81
699	81
700	81
701	81
702	81
703	81
704	81
705	81
706	81
707	81
708	81
709	81
710	81
711	81
712	81
713	81
714	81
715	81
716	81
717	81
718	81
719	81
720	81
721	81
722	81
723	81
724	81
725	80
726	80
727	80
728	80
729	80
730	80
731	80
732	80
733	80
734	80
735	80
736	80
737	80
738	80
739	80
740	80
741	80
742	80
743	80
744	80
745	80
746	80
747	80
748	80
749	80
750	80
751	80
752	80
753	80
754	80
755	80
756	80
757	81
758	81
759	81
760	81
761	81
762	81
763	81
764	81
765	81
766	81
767	81
768	81
769	81
770	81
771	81
772	81
773	81
774	81
775	81
776	81
777	81
778	81
779	81
780	81
781	81
782	81
783	81
784	81
785	81
786	81
787	81
788	81
789	83
790	83
791	83
792	83
793	83
794	83
795	83
796	83
797	83
798	83
799	83
800	83
801	83
802	83
803	83
804	83
805	83
806	83
807	83
808	83
809	83
810	83
811	83
812	83
813	83
814	83
815	83
816	83
817	83
818	83
819	83
820	83
821	85
822	85
823	85
824	85
825	85
826	85
827	85
828	85
829	85
830	85
831	85
832	85
833	85
834	85
835	85
836	85
837	85
838	85
839	85
840	85
841	85
842	85
843	85
844	85
845	85
846	85
847	85
848	85
849	85
850	85
851	85
852	85
853	88
854	88
855	88
856	88
857	88
858	88
859	88
860	88
861	88
862	88
863	88
864	88
865	88
866	88
867	88
868	88
869	88
870	88
871	88
872	88
873	88
874	88
875	88
876	88
877	88
878	88
879	88
880	88
881	88
882	88
883	88
884	88
885	91
886	91
887	91
888	91
889	91
890	91
891	91
892	91
893	91
894	91
895	91
896	91
897	91
898	91
899	91
900	91
901	91
902	91
903	91
904	91
905	91
906	91
907	91
908	91
909	91
910	91
911	91
912	91
913	91
914	91
915	91
916	91
917	93
918	93
919	93
920	93
921	93
922	93
923	93
924	93
925	93
926	93
927	93
928	93
929	93
930	93
931	93
932	93
933	93
934	93
935	93
936	93
937	93
938	93
939	93
940	93
941	93
942	93
943	93
944	93
945	93
946	93
947	93
948	93
949	94
950	94
951	94
952	94
953	94
954	94
955	94
956	94
957	94
958	94
959	94
960	94
961	94
962	94
963	94
964	94
965	94
966	94
967	94
968	94
969	94
970	94
971	94
972	94
973	94
974	94
975	94
976	94
977	94
978	94
979	94
980	94
981	95
982	95
983	95
984	95
985	95
986	95
987	95
988	95
989	95
990	95
991	95
992	95
993	95
994	95
995	95
996	95
997	95
998	95
999	95
1000	95
1001	95
1002	95
1003	95
1004	95
1005	95
1006	95
1007	95
1008	95
1009	95
1010	95
1011	95
1012	95
1013	96
1014	96
1015	96
1016	96
1017	96
1018	96
1019	96
1020	96
1021	96
1022	96
1023	96
1024	96
1025	96
1026	96
1027	96
1028	96
1029	96
1030	96
1031	96
1032	96
1033	96
1034	96
1035	96
1036	96
1037	96
1038	96
1039	96
1040	96
1041	96
1042	96
1043	96
1044	96
1045	96
1046	96
1047	96
1048	96
1049	96
1050	96
1051	96
1052	96
1053	96
1054	96
1055	96
1056	96
1057	96
1058	96
1059	96
1060	96
1061	96
1062	96
1063	96
1064	96
1065	96
1066	96
1067	96
1068	96
1069	96
1070	96
1071	96
1072	96
1073	96
1074	96
1075	96
1076	96
1077	97
1078	97
1079	97
1080	97
1081	97
1082	97
1083	97
1084	97
1085	97
1086	97
1087	97
1088	97
1089	97
1090	97
1091	97
1092	97
1093	97
1094	97
1095	97
1096	97
1097	97
1098	97
1099	97
1100	97
1101	97
1102	97
1103	97
1104	97
1105	97
1106	97
1107	97
1108	97
1109	97
1110	97
1111	97
1112	97
1113	97
1114	97
1115	97
1116	97
1117	97
1118	97
1119	97
1120	97
1121	97
1122	97
1123	97
1124	97
1125	97
1126	97
1127	97
1128	97
1129	97
1130	97
1131	97
1132	97
1133	97
1134	97
1135	97
1136	97
1137	97
1138	97
1139	97
1140	97
1141	97
1142	97
1143	97
1144	97
1145	97
1146	97
1147	97
1148	97
1149	97
1150	97
1151	97
1152	97
1153	97
1154	97
1155	97
1156	97
1157	97
1158	97
1159	97
1160	97
1161	97
1162	97
1163	97
1164	97
1165	97
1166	97
1167	97
1168	97
1169	97
1170	97
1171	97
1172	97
1173	97
1174	97
1175	97
1176	97
1177	97
1178	97
1179	97
1180	97
1181	97
1182	97
1183	97
1184	97
1185	97
1186	97
1187	97
1188	97
1189	97
1190	97
1191	97
1192	97
1193	97
1194	97
1195	97
1196	97
1197	97
1198	97
1199	97
1200	97
1201	97
1202	97
1203	97
1204	97
1205	97
1206	97
1207	97
1208	97
1209	97
1210	97
1211	97
1212	97
1213	97
1214	97
1215	97
1216	97
1217	97
1218	97
1219	97
1220	97
1221	97
1222	97
1223	97
1224	97
1225	97
1226	97
1227	97
1228	97
1229	97
1230	97
1231	97
1232	97
1233	97
1234	97
1235	97
1236	97
1237	97
1238	97
1239	97
1240	97
1241	97
1242	97
1243	97
1244	97
1245	97
1246	97
1247	97
1248	97
1249	97
1250	97
1251	97
1252	97
1253	97
1254	97
1255	97
1256	97
1257	97
1258	97
1259	97
1260	97
1261	97
1262	97
1263	97
1264	97
1265	97
1266	97
1267	97
1268	97
1269	97
1270	97
1271	97
1272	97
1273	97
1274	97
1275	97
1276	97
1277	97
1278	97
1279	97
1280	97
1281	97
1282	97
1283	97
1284	97
1285	97
1286	97
1287	97
1288	97
1289	97
1290	97
1291	97
1292	97
1293	97
1294	97
1295	97
1296	97
1297	97
1298	97
1299	97
1300	97
1301	97
1302	97
1303	97
1304	97
1305	97
1306	97
1307	97
1308	97
1309	97
1310	97
1311	97
1312	97
1313	97
1314	97
1315	97
1316	97
1317	97
1318	97
1319	97
1320	97
1321	97
1322	97
1323	97
1324	97
1325	97
1326	97
1327	97
1328	97
1329	97
1330	97
1331	97
1332	97
1333	97
1334	97
1335	97
1336	97
1337	97
1338	97
1339	97
1340	97
1341	97
1342	97
1343	97
1344	97
1345	97
1346	97
1347	97
1348	97
1349	97
1350	97
1351	97
1352	97
1353	97
1354	97
1355	97
1356	97
1357	97
1358	97
1359	97
1360	97
1361	97
1362	97
1363	97
1364	97
1365	97
1366	97
1367	97
1368	97
1369	97
1370	97
1371	97
1372	97
1373	97
1374	97
1375	97
1376	97
1377	97
1378	97
1379	97
1380	97
1381	97
1382	97
1383	97
1384	97
1385	97
1386	97
1387	97
1388	97
1389	97
1390	97
1391	97
1392	97
1393	97
1394	97
1395	97
1396	97
1397	96
1398	96
1399	96
1400	96
1401	96
1402	96
1403	96
1404	96
1405	96
1406	96
1407	96
1408	96
1409	96
1410	96
1411	96
1412	96
1413	96
1414	96
1415	96
1416	96
1417	96
1418	96
1419	96
1420	96
1421	96
1422	96
1423	96
1424	96
1425	96
1426	96
1427	96
1428	96
1429	96
1430	96
1431	96
1432	96
1433	96
1434	96
1435	96
1436	96
1437	96
1438	96
1439	96
1440	96
1441	96
1442	96
1443	96
1444	96
1445	96
1446	96
1447	96
1448	96
1449	96
1450	96
1451	96
1452	96
1453	96
1454	96
1455	96
1456	96
1457	96
1458	96
1459	96
1460	96
1461	96
1462	96
1463	96
1464	96
1465	96
1466	96
1467	96
1468	96
1469	96
1470	96
1471	96
1472	96
1473	96
1474	96
1475	96
1476	96
1477	96
1478	96
1479	96
1480	96
1481	96
1482	96
1483	96
1484	96
1485	96
1486	96
1487	96
1488	96
1489	96
1490	96
1491	96
1492	96
1493	96
1494	96
1495	96
1496	96
1497	96
1498	96
1499	96
1500	96
1501	96
1502	96
1503	96
1504	96
1505	96
1506	96
1507	96
1508	96
1509	96
1510	96
1511	96
1512	96
1513	96
1514	96
1515	96
1516	96
1517	96
1518	96
1519	96
1520	96
1521	96
1522	96
1523	96
1524	96
1525	96
1526	96
1527	96
1528	96
1529	96
1530	96
1531	96
1532	96
1533	96
1534	96
1535	96
1536	96
1537	96
1538	96
1539	96
1540	96
1541	96
1542	96
1543	96
1544	96
1545	96
1546	96
1547	96
1548	96
1549	96
1550	96
1551	96
1552	96
1553	96
1554	96
1555	96
1556	96
1557	96
1558	96
1559	96
1560	96
1561	96
1562	96
1563	96
1564	96
1565	96
1566	96
1567	96
1568	96
1569	96
1570	96
1571	96
1572	96
1573	96
1574	96
1575	96
1576	96
1577	96
1578	96
1579	96
1580	96
1581	96
1582	96
1583	96
1584	96
1585	96
1586	96
1587	96
1588	96
1589	96
1590	96
1591	96
1592	96
1593	96
1594	96
1595	96
1596	96
1597	96
1598	96
1599	96
1600	96
1601	96
1602	96
1603	96
1604	96
1605	96
1606	96
1607	96
1608	96
1609	96
1610	96
1611	96
1612	96
1613	96
1614	96
1615	96
1616	96
1617	96
1618	96
1619	96
1620	96
1621	96
1622	96
1623	96
1624	96
1625	96
1626	96
1627	96
1628	96
1629	96
1630	96
1631	96
1632	96
1633	96
1634	96
1635	96
1636	96
1637	96
1638	96
1639	96
1640	96
1641	96
1642	96
1643	96
1644	96
1645	96
1646	96
1647	96
1648	96
1649	96
1650	96
1651	96
1652	96
1653	96
1654	96
1655	96
1656	96
1657	96
1658	96
1659	96
1660	96
1661	96
1662	96
1663	96
1664	96
1665	96
1666	96
1667	96
1668	96
1669	96
1670	96
1671	96
1672	96
1673	96
1674	96
1675	96
1676	96
1677	96
1678	96
1679	96
1680	96
1681	96
1682	96
1683	96
1684	96
1685	96
1686	96
1687	96
1688	96
1689	96
1690	96
1691	96
1692	96
1693	96
1694	96
1695	96
1696	96
1697	96
1698	96
1699	96
1700	96
1701	96
1702	96
1703	96
1704	96
1705	96
1706	96
1707	96
1708	96
1709	96
1710	96
1711	96
1712	96
1713	96
1714	96
1715	96
1716	96
1717	96
1718	96
1719	96
1720	96
1721	96
1722	96
1723	96
1724	96
1725	96
1726	96
1727	96
1728	96
1729	96
1730	96
1731	96
1732	96
1733	96
1734	96
1735	96
1736	96
1737	96
1738	96
1739	96
1740	96
1741	96
1742	96
1743	96
1744	96
1745	96
1746	96
1747	96
1748	96
1749	96
1750	96
1751	96
1752	96
1753	96
1754	96
1755	96
1756	96
1757	96
1758	96
1759	96
1760	96
1761	96
1762	96
1763	96
1764	96
1765	96
1766	96
1767	96
1768	96
1769	96
1770	96
1771	96
1772	96
1773	96
1774	96
1775	96
1776	96
1777	96
1778	96
1779	96
1780	96
1781	96
1782	96
1783	96
1784	96
1785	96
1786	96
1787	96
1788	96
1789	96
1790	96
1791	96
1792	96
1793	96
1794	96
1795	96
1796	96
1797	96
1798	96
1799	96
1800	96
