1	98
2	98
3	99
4	99
5	99
6	99
7	99
8	99
9	99
10	99
11	99
12	99
13	99
14	99
15	99
16	99
17	99
18	99
19	99
20	99
21	99
22	99
23	99
24	99
25	99
26	99
27	99
28	99
29	99
30	99
31	99
32	99
33	99
34	99
35	99
36	99
37	99
38	99
39	99
40	99
41	99
42	99
43	99
44	99
45	99
46	99
47	99
48	99
49	99
50	99
51	99
52	99
53	99
54	99
55	99
56	99
57	99
58	99
59	99
60	99
61	99
62	99
63	99
64	99
65	99
66	99
67	99
68	99
69	99
70	99
71	99
72	99
73	99
74	99
75	99
76	99
77	99
78	99
79	99
80	99
81	99
82	99
83	99
84	99
85	99
86	99
87	99
88	99
89	99
90	99
91	99
92	99
93	99
94	99
95	99
96	99
97	99
98	99
99	99
100	99
101	99
102	99
103	99
104	99
105	99
106	99
107	99
108	99
109	99
110	99
111	99
112	99
113	99
114	99
115	99
116	99
117	99
118	99
119	99
120	99
121	99
122	99
123	99
124	99
125	99
126	99
127	99
128	99
129	99
130	99
131	99
132	99
133	99
134	99
135	99
136	99
137	99
138	99
139	99
140	99
141	99
142	99
143	99
144	99
145	99
146	99
147	99
148	99
149	99
150	99
151	99
152	99
153	99
154	99
155	99
156	99
157	99
158	99
159	99
160	99
161	99
162	99
163	99
164	99
165	99
166	99
167	99
168	99
169	99
170	99
171	99
172	99
173	99
174	99
175	99
176	99
177	99
178	99
179	99
180	99
181	99
182	99
183	99
184	99
185	99
186	99
187	99
188	99
189	99
190	99
191	99
192	99
193	99
194	99
195	99
196	99
197	99
198	99
199	99
200	99
201	99
202	99
203	99
204	99
205	99
206	99
207	99
208	99
209	99
210	99
211	99
212	99
213	99
214	99
215	99
216	99
217	99
218	99
219	99
220	99
221	99
222	99
223	99
224	99
225	99
226	99
227	99
228	99
229	99
230	99
231	99
232	99
233	99
234	99
235	99
236	99
237	99
238	99
239	99
240	99
241	99
242	99
243	99
244	99
245	99
246	99
247	99
248	99
249	99
250	99
251	99
252	99
253	99
254	99
255	99
256	99
257	99
258	99
259	99
260	99
261	99
262	99
263	99
264	99
265	99
266	99
267	99
268	98
269	98
270	98
271	98
272	98
273	98
274	98
275	98
276	98
277	98
278	98
279	98
280	98
281	98
282	98
283	98
284	98
285	98
286	98
287	98
288	98
289	98
290	98
291	98
292	98
293	98
294	98
295	98
296	98
297	98
298	98
299	98
300	98
301	98
302	98
303	98
304	98
305	98
306	98
307	98
308	98
309	98
310	98
311	98
312	98
313	98
314	98
315	98
316	98
317	98
318	98
319	98
320	98
321	98
322	98
323	98
324	98
325	98
326	98
327	98
328	98
329	98
330	98
331	98
332	98
333	98
334	98
335	98
336	98
337	98
338	98
339	98
340	98
341	98
342	98
343	98
344	98
345	98
346	98
347	98
348	98
349	98
350	98
351	98
352	98
353	98
354	98
355	98
356	98
357	98
358	98
359	98
360	98
361	98
362	98
363	98
364	98
365	98
366	98
367	98
368	98
369	98
370	98
371	98
372	98
373	98
374	98
375	98
376	98
377	98
378	98
379	98
380	98
381	98
382	98
383	98
384	98
385	98
386	98
387	98
388	98
389	98
390	98
391	98
392	98
393	98
394	98
395	98
396	98
397	98
398	98
399	98
400	98
401	98
402	98
403	98
404	98
405	98
406	98
407	98
408	98
409	98
410	98
411	98
412	98
413	98
414	98
415	98
416	98
417	98
418	98
419	98
420	98
421	98
422	98
423	98
424	98
425	98
426	98
427	98
428	98
429	98
430	98
431	98
432	98
433	98
434	98
435	98
436	98
437	98
438	98
439	98
440	98
441	98
442	98
443	98
444	98
445	98
446	98
447	98
448	98
449	98
450	98
451	98
452	98
453	98
454	98
455	98
456	98
457	98
458	98
459	98
460	98
461	98
462	98
463	98
464	98
465	98
466	98
467	98
468	98
469	98
470	98
471	98
472	98
473	98
474	98
475	98
476	98
477	98
478	98
479	98
480	98
481	98
482	98
483	98
484	98
485	98
486	98
487	98
488	98
489	98
490	98
491	98
492	98
493	98
494	98
495	98
496	98
497	98
498	98
499	98
500	98
501	98
502	98
503	98
504	98
505	98
506	98
507	98
508	98
509	98
510	98
511	98
512	98
513	98
514	98
515	98
516	98
517	98
518	98
519	98
520	98
521	98
522	98
523	98
524	98
525	98
526	98
527	98
528	98
529	98
530	98
531	98
532	98
533	98
534	98
535	98
536	98
537	98
538	98
539	98
540	98
541	98
542	98
543	98
544	98
545	98
546	97
547	97
548	97
549	97
550	97
551	97
552	97
553	97
554	97
555	97
556	97
557	97
558	97
559	97
560	97
561	97
562	97
563	97
564	97
565	97
566	97
567	97
568	97
569	97
570	97
571	97
572	97
573	97
574	97
575	97
576	97
577	97
578	97
579	97
580	97
581	97
582	97
583	97
584	97
585	97
586	97
587	97
588	97
589	98
590	98
591	98
592	98
593	98
594	98
595	98
596	98
597	98
598	98
599	98
600	98
601	98
602	98
603	98
604	98
605	98
606	98
607	98
608	98
609	98
610	98
611	98
612	98
613	98
614	98
615	98
616	98
617	98
618	98
619	98
620	98
621	98
622	98
623	98
624	98
625	98
626	98
627	98
628	98
629	98
630	98
631	98
632	98
633	98
634	98
635	98
636	98
637	98
638	98
639	98
640	98
641	98
642	98
643	98
644	98
645	98
646	98
647	98
648	98
649	98
650	98
651	98
652	98
653	98
654	98
655	98
656	98
657	98
658	98
659	98
660	98
661	98
662	98
663	98
664	98
665	98
666	98
667	98
668	98
669	98
670	98
671	98
672	98
673	98
674	98
675	98
676	98
677	98
678	98
679	98
680	98
681	98
682	98
683	98
684	98
685	98
686	98
687	98
688	98
689	98
690	98
691	98
692	98
693	98
694	98
695	98
696	98
697	98
698	98
699	98
700	98
701	98
702	98
703	98
704	98
705	98
706	98
707	98
708	98
709	98
710	98
711	98
712	98
713	98
714	98
715	98
716	98
717	98
718	98
719	98
720	98
721	98
722	98
723	98
724	98
725	98
726	98
727	98
728	98
729	98
730	98
731	98
732	98
733	98
734	98
735	98
736	98
737	98
738	98
739	98
740	98
741	98
742	98
743	98
744	98
745	98
746	98
747	98
748	98
749	98
750	98
751	98
752	98
753	98
754	98
755	98
756	98
757	98
758	98
759	98
760	98
761	98
762	98
763	98
764	98
765	98
766	98
767	98
768	98
769	98
770	98
771	98
772	98
773	98
774	98
775	98
776	98
777	98
778	98
779	98
780	97
781	97
782	97
783	97
784	97
785	97
786	97
787	97
788	97
789	97
790	97
791	97
792	97
793	97
794	97
795	97
796	97
797	97
798	97
799	97
800	97
801	97
802	97
803	97
804	97
805	97
806	97
807	97
808	97
809	97
810	97
811	97
812	97
813	97
814	97
815	97
816	97
817	97
818	97
819	97
820	97
821	97
822	97
823	97
824	97
825	97
826	97
827	97
828	97
829	97
830	97
831	97
832	97
833	97
834	97
835	97
836	97
837	97
838	97
839	97
840	97
841	97
842	97
843	97
844	97
845	97
846	97
847	97
848	97
849	97
850	97
851	97
852	97
853	97
854	97
855	97
856	97
857	97
858	97
859	97
860	97
861	97
862	97
863	97
864	97
865	97
866	97
867	97
868	97
869	97
870	97
871	97
872	97
873	97
874	97
875	97
876	97
877	97
878	97
879	97
880	97
881	97
882	97
883	97
884	97
885	97
886	97
887	97
888	97
889	97
890	97
891	97
892	97
893	97
894	97
895	97
896	97
897	97
898	97
899	97
900	97
901	97
902	97
903	97
904	97
905	97
906	97
907	97
908	97
909	97
910	97
911	97
912	97
913	97
914	97
915	97
916	97
917	97
918	97
919	97
920	97
921	97
922	97
923	97
924	97
925	97
926	97
927	97
928	97
929	97
930	97
931	97
932	97
933	97
934	97
935	97
936	97
937	97
938	97
939	97
940	97
941	97
942	97
943	97
944	97
945	97
946	97
947	97
948	97
949	97
950	97
951	97
952	97
953	97
954	97
955	97
956	97
957	97
958	97
959	97
960	97
961	97
962	97
963	97
964	97
965	97
966	97
967	97
968	97
969	97
970	97
971	97
972	96
973	96
974	96
975	96
976	96
977	96
978	96
979	96
980	96
981	96
982	96
983	96
984	96
985	96
986	96
987	96
988	96
989	96
990	96
991	96
992	96
993	96
994	96
995	96
996	96
997	96
998	96
999	96
1000	96
1001	96
1002	96
1003	96
1004	96
1005	96
1006	96
1007	96
1008	96
1009	96
1010	96
1011	96
1012	96
1013	96
1014	96
1015	96
1016	96
1017	96
1018	96
1019	96
1020	96
1021	96
1022	96
1023	96
1024	96
1025	96
1026	96
1027	96
1028	96
1029	96
1030	96
1031	96
1032	96
1033	96
1034	96
1035	96
1036	96
1037	96
1038	96
1039	96
1040	96
1041	96
1042	96
1043	96
1044	96
1045	96
1046	96
1047	96
1048	96
1049	96
1050	96
1051	96
1052	96
1053	96
1054	96
1055	96
1056	96
1057	96
1058	96
1059	96
1060	96
1061	96
1062	96
1063	96
1064	96
1065	96
1066	96
1067	96
1068	96
1069	96
1070	96
1071	96
1072	96
1073	96
1074	96
1075	96
1076	96
1077	96
1078	96
1079	95
1080	95
1081	95
1082	95
1083	95
1084	95
1085	95
1086	95
1087	95
1088	95
1089	95
1090	95
1091	95
1092	95
1093	95
1094	95
1095	95
1096	95
1097	95
1098	95
1099	95
1100	95
1101	95
1102	95
1103	95
1104	95
1105	95
1106	95
1107	95
1108	95
1109	95
1110	95
1111	95
1112	95
1113	95
1114	95
1115	95
1116	95
1117	95
1118	95
1119	95
1120	95
1121	95
1122	95
1123	95
1124	95
1125	95
1126	95
1127	95
1128	95
1129	95
1130	95
1131	95
1132	95
1133	96
1134	96
1135	96
1136	96
1137	96
1138	96
1139	96
1140	96
1141	96
1142	96
1143	96
1144	96
1145	96
1146	96
1147	96
1148	96
1149	96
1150	96
1151	96
1152	96
1153	96
1154	96
1155	96
1156	96
1157	96
1158	96
1159	96
1160	96
1161	96
1162	96
1163	96
1164	96
1165	96
1166	96
1167	96
1168	96
1169	96
1170	96
1171	96
1172	96
1173	96
1174	96
1175	96
1176	96
1177	96
1178	96
1179	96
1180	96
1181	96
1182	96
1183	96
1184	96
1185	96
1186	96
1187	96
1188	96
1189	96
1190	96
1191	96
1192	96
1193	96
1194	96
1195	96
1196	96
1197	96
1198	96
1199	96
1200	96
1201	96
1202	96
1203	96
1204	96
1205	96
1206	96
1207	96
1208	97
1209	97
1210	97
1211	97
1212	97
1213	97
1214	97
1215	97
1216	97
1217	97
1218	97
1219	97
1220	97
1221	97
1222	97
1223	97
1224	97
1225	97
1226	97
1227	97
1228	97
1229	97
1230	97
1231	97
1232	97
1233	97
1234	97
1235	97
1236	97
1237	97
1238	97
1239	97
1240	98
1241	98
1242	98
1243	98
1244	98
1245	98
1246	98
1247	98
1248	98
1249	98
1250	98
1251	98
1252	98
1253	98
1254	98
1255	98
1256	98
1257	98
1258	98
1259	98
1260	98
1261	98
1262	98
1263	98
1264	98
1265	98
1266	98
1267	98
1268	98
1269	98
1270	98
1271	98
1272	98
1273	98
1274	98
1275	98
1276	98
1277	98
1278	98
1279	98
1280	98
1281	98
1282	98
1283	98
1284	98
1285	98
1286	98
1287	98
1288	98
1289	98
1290	98
1291	98
1292	98
1293	98
1294	98
1295	98
1296	98
1297	98
1298	98
1299	98
1300	98
1301	98
1302	98
1303	98
1304	98
1305	98
1306	98
1307	98
1308	98
1309	98
1310	98
1311	98
1312	98
1313	98
1314	98
1315	98
1316	98
1317	98
1318	98
1319	98
1320	98
1321	98
1322	98
1323	98
1324	98
1325	98
1326	98
1327	98
1328	98
1329	98
1330	98
1331	98
1332	98
1333	98
1334	98
1335	98
1336	98
1337	98
1338	98
1339	98
1340	98
1341	98
1342	98
1343	98
1344	98
1345	98
1346	98
1347	98
1348	98
1349	98
1350	98
1351	98
1352	98
1353	98
1354	98
1355	98
1356	98
1357	98
1358	98
1359	98
1360	98
1361	98
1362	98
1363	98
1364	98
1365	98
1366	98
1367	98
1368	98
1369	98
1370	98
1371	98
1372	98
1373	98
1374	98
1375	98
1376	98
1377	98
1378	98
1379	98
1380	98
1381	98
1382	98
1383	98
1384	98
1385	98
1386	98
1387	98
1388	98
1389	98
1390	98
1391	98
1392	98
1393	98
1394	98
1395	98
1396	98
1397	98
1398	98
1399	98
1400	98
1401	98
1402	98
1403	98
1404	98
1405	98
1406	98
1407	98
1408	98
1409	98
1410	98
1411	98
1412	98
1413	98
1414	98
1415	98
1416	98
1417	98
1418	98
1419	98
1420	98
1421	98
1422	98
1423	98
1424	98
1425	98
1426	98
1427	98
1428	98
1429	98
1430	98
1431	98
1432	98
1433	98
1434	98
1435	98
1436	98
1437	98
1438	98
1439	98
1440	98
1441	98
1442	98
1443	99
1444	99
1445	99
1446	99
1447	99
1448	99
1449	99
1450	99
1451	99
1452	99
1453	99
1454	99
1455	99
1456	99
1457	99
1458	99
1459	99
1460	99
1461	99
1462	99
1463	99
1464	99
1465	99
1466	99
1467	99
1468	99
1469	99
1470	99
1471	99
1472	99
1473	99
1474	99
1475	99
1476	99
1477	99
1478	99
1479	99
1480	99
1481	99
1482	99
1483	99
1484	99
1485	99
1486	99
1487	99
1488	99
1489	99
1490	99
1491	99
1492	99
1493	99
1494	99
1495	98
1496	98
1497	98
1498	98
1499	98
1500	98
1501	98
1502	98
1503	98
1504	98
1505	98
1506	98
1507	98
1508	98
1509	98
1510	98
1511	98
1512	98
1513	98
1514	98
1515	98
1516	98
1517	99
1518	99
1519	99
1520	99
1521	99
1522	99
1523	99
1524	99
1525	99
1526	99
1527	99
1528	99
1529	99
1530	99
1531	99
1532	99
1533	99
1534	99
1535	99
1536	99
1537	99
1538	99
1539	99
1540	99
1541	99
1542	99
1543	99
1544	99
1545	99
1546	99
1547	99
1548	99
1549	99
1550	99
1551	99
1552	99
1553	99
1554	99
1555	99
1556	99
1557	99
1558	99
1559	99
1560	99
1561	99
1562	99
1563	99
1564	99
1565	99
1566	99
1567	99
1568	99
1569	99
1570	99
1571	99
1572	99
1573	99
1574	99
1575	99
1576	99
1577	99
1578	99
1579	99
1580	99
1581	99
1582	99
1583	99
1584	99
1585	99
1586	99
1587	99
1588	99
1589	99
1590	99
1591	99
1592	99
1593	99
1594	99
1595	99
1596	99
1597	99
1598	99
1599	99
1600	99
1601	99
1602	99
1603	99
1604	99
1605	99
1606	99
1607	99
1608	99
1609	99
1610	99
1611	99
1612	99
1613	99
1614	99
1615	99
1616	99
1617	99
1618	99
1619	99
1620	99
1621	99
1622	99
1623	99
1624	99
1625	99
1626	99
1627	99
1628	99
1629	99
1630	99
1631	99
1632	99
1633	99
1634	99
1635	99
1636	99
1637	99
1638	99
1639	99
1640	99
1641	99
1642	99
1643	99
1644	99
1645	99
1646	99
1647	99
1648	99
1649	99
1650	99
1651	99
1652	99
1653	99
1654	99
1655	99
1656	99
1657	99
1658	99
1659	99
1660	99
1661	99
1662	99
1663	99
1664	99
1665	99
1666	99
1667	99
1668	99
1669	99
1670	99
1671	99
1672	99
1673	99
1674	99
1675	99
1676	99
1677	99
1678	99
1679	99
1680	99
1681	99
1682	99
1683	99
1684	99
1685	99
1686	99
1687	99
1688	99
1689	99
1690	99
1691	99
1692	99
1693	99
1694	99
1695	99
1696	99
1697	99
1698	99
1699	99
1700	99
1701	99
1702	99
1703	99
1704	99
1705	99
1706	99
1707	99
1708	99
1709	99
1710	99
1711	99
1712	99
1713	99
1714	99
1715	99
1716	99
1717	99
1718	99
1719	99
1720	99
1721	99
1722	99
1723	99
1724	99
1725	99
1726	99
1727	99
1728	99
1729	99
1730	99
1731	99
1732	99
1733	99
1734	99
1735	99
1736	99
1737	99
1738	99
1739	99
1740	99
1741	99
1742	99
1743	99
1744	99
1745	99
1746	99
1747	99
1748	99
1749	99
1750	99
1751	99
1752	99
1753	99
1754	99
1755	99
1756	99
1757	99
1758	99
1759	99
1760	99
1761	99
1762	99
1763	99
1764	99
1765	99
1766	99
1767	99
1768	99
1769	99
1770	99
1771	99
1772	99
1773	99
1774	99
1775	99
1776	99
1777	99
1778	99
1779	99
1780	99
1781	99
1782	99
1783	99
1784	99
1785	99
1786	99
1787	99
1788	99
1789	99
1790	99
1791	99
1792	99
1793	99
1794	99
1795	99
1796	99
1797	99
1798	99
1799	99
1800	99
