1	98
2	98
3	98
4	98
5	98
6	98
7	98
8	98
9	98
10	98
11	98
12	98
13	98
14	98
15	98
16	98
17	98
18	98
19	98
20	98
21	98
22	98
23	98
24	98
25	98
26	98
27	98
28	98
29	98
30	98
31	98
32	98
33	98
34	98
35	98
36	98
37	98
38	98
39	98
40	98
41	98
42	98
43	98
44	98
45	98
46	98
47	98
48	98
49	98
50	98
51	98
52	98
53	98
54	98
55	98
56	98
57	98
58	98
59	98
60	98
61	98
62	98
63	98
64	98
65	98
66	98
67	98
68	98
69	98
70	98
71	98
72	98
73	98
74	98
75	98
76	98
77	98
78	98
79	98
80	98
81	98
82	98
83	98
84	98
85	98
86	98
87	98
88	98
89	98
90	98
91	98
92	98
93	98
94	98
95	98
96	98
97	98
98	98
99	98
100	98
101	98
102	98
103	98
104	98
105	98
106	98
107	98
108	98
109	98
110	98
111	98
112	98
113	98
114	98
115	98
116	98
117	98
118	98
119	98
120	98
121	98
122	98
123	98
124	98
125	98
126	98
127	98
128	98
129	98
130	98
131	98
132	98
133	98
134	98
135	98
136	98
137	98
138	98
139	98
140	98
141	98
142	98
143	98
144	98
145	98
146	98
147	98
148	98
149	98
150	98
151	98
152	98
153	98
154	98
155	98
156	98
157	98
158	98
159	98
160	98
161	98
162	98
163	98
164	98
165	98
166	98
167	98
168	98
169	98
170	98
171	98
172	98
173	98
174	98
175	98
176	98
177	98
178	98
179	98
180	98
181	98
182	98
183	98
184	98
185	98
186	98
187	98
188	98
189	98
190	98
191	98
192	98
193	98
194	98
195	98
196	98
197	98
198	98
199	98
200	98
201	98
202	98
203	98
204	98
205	98
206	98
207	98
208	98
209	98
210	98
211	98
212	98
213	98
214	98
215	98
216	98
217	98
218	98
219	98
220	98
221	98
222	98
223	98
224	98
225	98
226	98
227	98
228	98
229	98
230	98
231	98
232	98
233	98
234	98
235	98
236	98
237	98
238	98
239	98
240	98
241	98
242	98
243	98
244	98
245	98
246	98
247	98
248	98
249	98
250	98
251	98
252	98
253	98
254	98
255	98
256	98
257	98
258	98
259	98
260	98
261	98
262	98
263	98
264	98
265	98
266	98
267	98
268	98
269	98
270	98
271	98
272	98
273	98
274	98
275	98
276	98
277	98
278	98
279	98
280	98
281	98
282	98
283	98
284	98
285	98
286	98
287	98
288	98
289	98
290	98
291	98
292	98
293	98
294	98
295	98
296	98
297	98
298	98
299	98
300	98
301	98
302	98
303	98
304	98
305	98
306	98
307	98
308	98
309	98
310	98
311	98
312	98
313	98
314	98
315	98
316	98
317	98
318	98
319	98
320	98
321	98
322	98
323	98
324	98
325	98
326	98
327	98
328	98
329	98
330	98
331	98
332	98
333	98
334	98
335	98
336	98
337	98
338	98
339	98
340	98
341	98
342	98
343	98
344	98
345	98
346	98
347	98
348	98
349	98
350	98
351	98
352	98
353	98
354	98
355	98
356	98
357	98
358	98
359	98
360	98
361	98
362	98
363	98
364	98
365	98
366	98
367	98
368	98
369	98
370	98
371	98
372	98
373	98
374	98
375	98
376	98
377	98
378	98
379	98
380	98
381	98
382	98
383	98
384	98
385	98
386	98
387	98
388	98
389	98
390	98
391	98
392	98
393	98
394	98
395	98
396	98
397	98
398	98
399	98
400	98
401	98
402	98
403	98
404	98
405	98
406	98
407	98
408	98
409	98
410	98
411	98
412	98
413	98
414	98
415	98
416	98
417	98
418	98
419	98
420	98
421	98
422	98
423	98
424	98
425	98
426	98
427	98
428	98
429	98
430	98
431	98
432	98
433	98
434	98
435	98
436	98
437	98
438	98
439	98
440	98
441	98
442	98
443	98
444	98
445	98
446	98
447	98
448	98
449	98
450	98
451	98
452	98
453	98
454	98
455	98
456	98
457	98
458	98
459	98
460	98
461	98
462	98
463	98
464	98
465	98
466	98
467	98
468	98
469	98
470	98
471	98
472	98
473	98
474	98
475	98
476	98
477	98
478	98
479	98
480	98
481	98
482	98
483	98
484	98
485	98
486	98
487	98
488	98
489	98
490	98
491	98
492	98
493	98
494	98
495	98
496	98
497	98
498	98
499	98
500	98
501	98
502	98
503	98
504	98
505	98
506	98
507	98
508	98
509	98
510	98
511	98
512	98
513	98
514	98
515	98
516	98
517	98
518	98
519	98
520	98
521	98
522	98
523	98
524	98
525	98
526	98
527	98
528	98
529	98
530	98
531	98
532	98
533	98
534	98
535	98
536	98
537	98
538	98
539	98
540	98
541	98
542	98
543	98
544	98
545	98
546	98
547	98
548	98
549	98
550	98
551	98
552	98
553	98
554	98
555	98
556	98
557	98
558	98
559	98
560	98
561	98
562	97
563	97
564	97
565	97
566	97
567	97
568	97
569	97
570	97
571	97
572	97
573	97
574	97
575	97
576	97
577	97
578	97
579	97
580	97
581	97
582	97
583	97
584	97
585	97
586	97
587	97
588	97
589	97
590	97
591	97
592	97
593	97
594	97
595	97
596	97
597	97
598	97
599	97
600	97
601	97
602	97
603	97
604	97
605	97
606	97
607	97
608	97
609	97
610	97
611	97
612	97
613	97
614	97
615	97
616	97
617	97
618	97
619	97
620	97
621	97
622	97
623	97
624	97
625	97
626	97
627	97
628	97
629	97
630	97
631	97
632	97
633	97
634	97
635	97
636	97
637	97
638	97
639	97
640	97
641	97
642	97
643	97
644	97
645	97
646	97
647	97
648	97
649	97
650	97
651	97
652	97
653	97
654	97
655	97
656	97
657	97
658	97
659	97
660	97
661	97
662	97
663	97
664	97
665	97
666	97
667	97
668	97
669	97
670	97
671	97
672	97
673	97
674	97
675	97
676	97
677	97
678	97
679	97
680	97
681	97
682	97
683	97
684	97
685	97
686	97
687	97
688	97
689	97
690	97
691	97
692	97
693	97
694	97
695	97
696	97
697	97
698	97
699	97
700	97
701	97
702	97
703	97
704	97
705	97
706	97
707	97
708	97
709	97
710	97
711	97
712	97
713	97
714	97
715	97
716	97
717	97
718	97
719	97
720	97
721	97
722	97
723	97
724	97
725	97
726	97
727	97
728	97
729	97
730	97
731	97
732	97
733	97
734	97
735	97
736	97
737	97
738	97
739	97
740	97
741	97
742	97
743	97
744	97
745	97
746	97
747	97
748	97
749	97
750	97
751	97
752	97
753	97
754	96
755	96
756	96
757	96
758	96
759	96
760	96
761	96
762	96
763	96
764	96
765	96
766	96
767	96
768	96
769	96
770	96
771	96
772	96
773	96
774	96
775	96
776	96
777	96
778	96
779	96
780	96
781	96
782	96
783	96
784	96
785	96
786	96
787	96
788	96
789	96
790	96
791	96
792	96
793	96
794	96
795	96
796	96
797	96
798	96
799	96
800	96
801	96
802	96
803	96
804	96
805	96
806	96
807	96
808	96
809	96
810	96
811	96
812	96
813	96
814	96
815	96
816	96
817	96
818	96
819	96
820	96
821	96
822	96
823	96
824	96
825	96
826	96
827	96
828	96
829	96
830	96
831	96
832	96
833	96
834	96
835	96
836	96
837	96
838	96
839	96
840	96
841	96
842	96
843	96
844	96
845	96
846	96
847	96
848	96
849	96
850	96
851	96
852	96
853	96
854	96
855	96
856	96
857	96
858	96
859	96
860	96
861	96
862	96
863	96
864	96
865	96
866	96
867	96
868	96
869	96
870	96
871	96
872	96
873	96
874	96
875	96
876	96
877	96
878	96
879	96
880	96
881	96
882	96
883	96
884	96
885	96
886	96
887	96
888	96
889	96
890	96
891	96
892	96
893	95
894	95
895	95
896	95
897	95
898	95
899	95
900	95
901	95
902	95
903	95
904	95
905	95
906	95
907	95
908	95
909	95
910	95
911	95
912	95
913	95
914	95
915	95
916	95
917	95
918	95
919	95
920	95
921	95
922	95
923	95
924	95
925	95
926	95
927	95
928	95
929	95
930	95
931	95
932	95
933	95
934	95
935	95
936	95
937	95
938	95
939	95
940	95
941	95
942	95
943	95
944	95
945	95
946	95
947	95
948	95
949	95
950	95
951	95
952	95
953	95
954	95
955	95
956	95
957	95
958	95
959	95
960	95
961	95
962	95
963	95
964	95
965	95
966	95
967	95
968	95
969	95
970	95
971	95
972	95
973	95
974	95
975	95
976	95
977	95
978	95
979	95
980	95
981	95
982	95
983	95
984	95
985	95
986	95
987	95
988	95
989	95
990	95
991	95
992	95
993	95
994	95
995	95
996	95
997	95
998	95
999	95
1000	95
1001	95
1002	95
1003	95
1004	95
1005	95
1006	95
1007	95
1008	95
1009	95
1010	95
1011	95
1012	95
1013	95
1014	95
1015	95
1016	95
1017	95
1018	95
1019	95
1020	95
1021	96
1022	96
1023	96
1024	96
1025	96
1026	96
1027	96
1028	96
1029	96
1030	96
1031	96
1032	96
1033	96
1034	96
1035	96
1036	96
1037	96
1038	96
1039	96
1040	96
1041	96
1042	96
1043	96
1044	96
1045	96
1046	96
1047	96
1048	96
1049	96
1050	96
1051	96
1052	96
1053	97
1054	97
1055	97
1056	97
1057	97
1058	97
1059	97
1060	97
1061	97
1062	97
1063	97
1064	97
1065	97
1066	97
1067	97
1068	97
1069	97
1070	97
1071	97
1072	97
1073	97
1074	97
1075	97
1076	97
1077	97
1078	97
1079	97
1080	97
1081	97
1082	97
1083	97
1084	97
1085	97
1086	97
1087	97
1088	97
1089	97
1090	97
1091	97
1092	97
1093	97
1094	97
1095	97
1096	98
1097	98
1098	98
1099	98
1100	98
1101	98
1102	98
1103	98
1104	98
1105	98
1106	98
1107	98
1108	98
1109	98
1110	98
1111	98
1112	98
1113	98
1114	98
1115	98
1116	98
1117	98
1118	98
1119	98
1120	98
1121	98
1122	98
1123	98
1124	98
1125	98
1126	98
1127	98
1128	98
1129	98
1130	98
1131	98
1132	98
1133	98
1134	98
1135	98
1136	98
1137	98
1138	98
1139	98
1140	98
1141	98
1142	98
1143	98
1144	98
1145	98
1146	98
1147	98
1148	98
1149	98
1150	98
1151	98
1152	98
1153	98
1154	98
1155	98
1156	98
1157	98
1158	98
1159	98
1160	98
1161	98
1162	98
1163	98
1164	98
1165	98
1166	98
1167	98
1168	98
1169	98
1170	98
1171	98
1172	98
1173	98
1174	98
1175	98
1176	98
1177	98
1178	98
1179	98
1180	98
1181	98
1182	98
1183	98
1184	98
1185	98
1186	98
1187	98
1188	98
1189	98
1190	98
1191	98
1192	98
1193	98
1194	98
1195	98
1196	98
1197	98
1198	98
1199	98
1200	98
1201	98
1202	98
1203	98
1204	98
1205	98
1206	98
1207	98
1208	98
1209	98
1210	98
1211	98
1212	98
1213	98
1214	98
1215	98
1216	98
1217	98
1218	98
1219	98
1220	98
1221	98
1222	98
1223	98
1224	98
1225	98
1226	98
1227	98
1228	98
1229	98
1230	98
1231	98
1232	98
1233	98
1234	98
1235	98
1236	98
1237	98
1238	98
1239	98
1240	98
1241	98
1242	98
1243	98
1244	98
1245	98
1246	98
1247	98
1248	98
1249	98
1250	98
1251	98
1252	98
1253	98
1254	98
1255	98
1256	98
1257	98
1258	98
1259	98
1260	98
1261	98
1262	98
1263	98
1264	98
1265	98
1266	98
1267	98
1268	98
1269	98
1270	98
1271	98
1272	98
1273	98
1274	98
1275	98
1276	98
1277	98
1278	98
1279	98
1280	98
1281	98
1282	98
1283	98
1284	98
1285	98
1286	98
1287	98
1288	98
1289	98
1290	98
1291	98
1292	98
1293	98
1294	98
1295	98
1296	98
1297	98
1298	98
1299	98
1300	98
1301	98
1302	98
1303	98
1304	98
1305	98
1306	98
1307	98
1308	98
1309	98
1310	98
1311	98
1312	98
1313	98
1314	98
1315	98
1316	98
1317	98
1318	98
1319	98
1320	98
1321	98
1322	98
1323	98
1324	98
1325	98
1326	98
1327	98
1328	98
1329	98
1330	98
1331	98
1332	98
1333	98
1334	98
1335	98
1336	98
1337	98
1338	98
1339	98
1340	98
1341	98
1342	98
1343	98
1344	98
1345	98
1346	98
1347	98
1348	98
1349	98
1350	98
1351	98
1352	98
1353	98
1354	98
1355	98
1356	98
1357	98
1358	98
1359	98
1360	98
1361	98
1362	98
1363	98
1364	98
1365	98
1366	98
1367	98
1368	98
1369	98
1370	98
1371	98
1372	98
1373	98
1374	98
1375	98
1376	98
1377	98
1378	98
1379	98
1380	98
1381	98
1382	98
1383	98
1384	98
1385	98
1386	98
1387	98
1388	98
1389	98
1390	98
1391	98
1392	98
1393	98
1394	98
1395	98
1396	98
1397	98
1398	98
1399	98
1400	98
1401	98
1402	98
1403	98
1404	98
1405	98
1406	98
1407	98
1408	98
1409	98
1410	98
1411	98
1412	98
1413	98
1414	98
1415	98
1416	98
1417	98
1418	98
1419	98
1420	98
1421	98
1422	98
1423	98
1424	98
1425	98
1426	98
1427	98
1428	98
1429	98
1430	98
1431	98
1432	98
1433	98
1434	98
1435	98
1436	98
1437	98
1438	98
1439	98
1440	98
1441	98
1442	98
1443	98
1444	98
1445	98
1446	98
1447	98
1448	98
1449	98
1450	98
1451	98
1452	98
1453	98
1454	98
1455	98
1456	98
1457	98
1458	98
1459	98
1460	98
1461	98
1462	98
1463	98
1464	98
1465	98
1466	98
1467	98
1468	98
1469	98
1470	98
1471	98
1472	98
1473	98
1474	98
1475	98
1476	98
1477	98
1478	98
1479	98
1480	98
1481	98
1482	98
1483	98
1484	98
1485	98
1486	98
1487	98
1488	98
1489	98
1490	98
1491	98
1492	98
1493	98
1494	98
1495	98
1496	98
1497	98
1498	98
1499	98
1500	98
1501	98
1502	98
1503	98
1504	98
1505	98
1506	98
1507	98
1508	98
1509	98
1510	98
1511	98
1512	98
1513	98
1514	98
1515	98
1516	98
1517	98
1518	98
1519	98
1520	98
1521	98
1522	98
1523	98
1524	98
1525	98
1526	98
1527	98
1528	98
1529	98
1530	98
1531	98
1532	98
1533	98
1534	98
1535	98
1536	98
1537	98
1538	98
1539	98
1540	98
1541	98
1542	98
1543	98
1544	98
1545	98
1546	98
1547	98
1548	98
1549	98
1550	98
1551	98
1552	98
1553	98
1554	98
1555	98
1556	98
1557	98
1558	98
1559	98
1560	98
1561	98
1562	98
1563	98
1564	98
1565	98
1566	98
1567	98
1568	98
1569	98
1570	98
1571	98
1572	98
1573	98
1574	98
1575	98
1576	98
1577	98
1578	98
1579	98
1580	98
1581	98
1582	98
1583	98
1584	98
1585	98
1586	98
1587	98
1588	98
1589	98
1590	98
1591	98
1592	98
1593	98
1594	98
1595	98
1596	98
1597	98
1598	98
1599	98
1600	98
1601	98
1602	98
1603	98
1604	98
1605	98
1606	98
1607	98
1608	98
1609	98
1610	98
1611	98
1612	98
1613	98
1614	98
1615	98
1616	98
1617	98
1618	98
1619	98
1620	98
1621	98
1622	98
1623	98
1624	98
1625	98
1626	98
1627	98
1628	98
1629	98
1630	98
1631	98
1632	98
1633	98
1634	98
1635	98
1636	98
1637	98
1638	98
1639	98
1640	98
1641	98
1642	98
1643	98
1644	98
1645	98
1646	98
1647	98
1648	98
1649	98
1650	98
1651	98
1652	98
1653	98
1654	98
1655	98
1656	98
1657	98
1658	98
1659	98
1660	98
1661	98
1662	98
1663	98
1664	98
1665	98
1666	98
1667	98
1668	98
1669	98
1670	98
1671	97
1672	97
1673	97
1674	97
1675	97
1676	97
1677	97
1678	97
1679	97
1680	97
1681	97
1682	97
1683	97
1684	97
1685	97
1686	97
1687	97
1688	97
1689	97
1690	97
1691	97
1692	97
1693	97
1694	97
1695	97
1696	97
1697	97
1698	97
1699	97
1700	97
1701	97
1702	97
1703	97
1704	97
1705	97
1706	97
1707	97
1708	97
1709	97
1710	97
1711	97
1712	97
1713	97
1714	97
1715	97
1716	97
1717	97
1718	97
1719	97
1720	97
1721	97
1722	97
1723	97
1724	97
1725	97
1726	97
1727	97
1728	97
1729	97
1730	97
1731	97
1732	97
1733	97
1734	97
1735	97
1736	97
1737	97
1738	97
1739	97
1740	97
1741	97
1742	97
1743	97
1744	97
1745	97
1746	97
1747	98
1748	98
1749	98
1750	98
1751	98
1752	98
1753	98
1754	98
1755	98
1756	98
1757	98
1758	98
1759	98
1760	98
1761	98
1762	98
1763	98
1764	98
1765	98
1766	98
1767	98
1768	98
1769	98
1770	98
1771	98
1772	98
1773	98
1774	98
1775	98
1776	98
1777	98
1778	98
1779	98
1780	98
1781	98
1782	98
1783	98
1784	98
1785	98
1786	98
1787	98
1788	98
1789	98
1790	98
1791	98
1792	98
1793	98
1794	98
1795	98
1796	98
1797	98
1798	98
1799	98
1800	98
