1	97
2	97
3	97
4	97
5	97
6	97
7	97
8	97
9	97
10	97
11	97
12	97
13	97
14	97
15	97
16	97
17	97
18	97
19	97
20	97
21	97
22	97
23	97
24	97
25	97
26	97
27	97
28	97
29	97
30	97
31	97
32	97
33	97
34	97
35	97
36	97
37	97
38	97
39	97
40	97
41	97
42	97
43	97
44	97
45	97
46	97
47	97
48	97
49	97
50	97
51	97
52	97
53	97
54	97
55	97
56	97
57	97
58	97
59	97
60	97
61	97
62	97
63	97
64	97
65	97
66	97
67	97
68	97
69	97
70	97
71	97
72	97
73	97
74	97
75	97
76	97
77	97
78	97
79	97
80	97
81	97
82	97
83	97
84	97
85	97
86	97
87	97
88	97
89	97
90	97
91	97
92	97
93	97
94	97
95	97
96	97
97	97
98	97
99	97
100	97
101	97
102	97
103	97
104	97
105	97
106	97
107	97
108	97
109	97
110	97
111	97
112	97
113	97
114	97
115	97
116	97
117	97
118	97
119	97
120	97
121	97
122	97
123	97
124	97
125	97
126	97
127	97
128	97
129	97
130	97
131	97
132	97
133	97
134	97
135	97
136	97
137	97
138	97
139	97
140	97
141	97
142	97
143	97
144	97
145	97
146	97
147	97
148	97
149	97
150	97
151	97
152	97
153	97
154	97
155	97
156	97
157	97
158	97
159	97
160	97
161	97
162	97
163	97
164	97
165	97
166	97
167	97
168	97
169	97
170	97
171	97
172	97
173	97
174	97
175	97
176	97
177	97
178	97
179	97
180	97
181	97
182	97
183	97
184	97
185	97
186	97
187	97
188	97
189	97
190	97
191	97
192	97
193	97
194	97
195	97
196	97
197	97
198	97
199	97
200	97
201	97
202	97
203	97
204	97
205	97
206	97
207	97
208	97
209	97
210	97
211	97
212	97
213	97
214	97
215	97
216	97
217	97
218	97
219	97
220	97
221	97
222	97
223	97
224	97
225	97
226	97
227	97
228	97
229	97
230	98
231	98
232	98
233	98
234	98
235	98
236	98
237	98
238	98
239	98
240	98
241	98
242	98
243	98
244	98
245	98
246	98
247	98
248	98
249	98
250	98
251	98
252	98
253	98
254	98
255	98
256	98
257	98
258	98
259	98
260	98
261	98
262	98
263	98
264	98
265	98
266	98
267	98
268	98
269	98
270	98
271	98
272	98
273	98
274	98
275	98
276	98
277	98
278	98
279	98
280	98
281	98
282	98
283	98
284	98
285	98
286	98
287	98
288	98
289	98
290	98
291	98
292	98
293	98
294	98
295	98
296	98
297	98
298	98
299	98
300	98
301	98
302	98
303	98
304	98
305	98
306	98
307	98
308	98
309	98
310	98
311	98
312	98
313	98
314	98
315	98
316	98
317	98
318	98
319	98
320	98
321	98
322	98
323	98
324	98
325	98
326	98
327	98
328	98
329	98
330	98
331	98
332	98
333	98
334	98
335	98
336	98
337	98
338	98
339	98
340	98
341	98
342	98
343	98
344	98
345	98
346	98
347	98
348	98
349	98
350	98
351	98
352	98
353	98
354	98
355	98
356	98
357	98
358	98
359	98
360	98
361	98
362	98
363	98
364	98
365	98
366	98
367	98
368	98
369	98
370	98
371	98
372	98
373	98
374	98
375	98
376	98
377	98
378	98
379	98
380	98
381	98
382	98
383	98
384	98
385	98
386	98
387	98
388	98
389	98
390	98
391	98
392	98
393	98
394	98
395	98
396	98
397	98
398	98
399	98
400	98
401	98
402	98
403	98
404	98
405	98
406	98
407	98
408	98
409	98
410	98
411	98
412	98
413	98
414	98
415	98
416	98
417	98
418	98
419	98
420	98
421	98
422	98
423	98
424	98
425	98
426	98
427	98
428	98
429	98
430	98
431	98
432	98
433	98
434	98
435	98
436	98
437	98
438	98
439	98
440	98
441	98
442	98
443	97
444	97
445	97
446	97
447	97
448	97
449	97
450	97
451	97
452	97
453	97
454	97
455	97
456	97
457	97
458	97
459	97
460	97
461	97
462	97
463	97
464	97
465	97
466	97
467	97
468	97
469	97
470	97
471	97
472	97
473	97
474	97
475	97
476	97
477	97
478	97
479	97
480	97
481	97
482	97
483	97
484	97
485	97
486	97
487	97
488	97
489	97
490	97
491	97
492	97
493	97
494	97
495	97
496	97
497	97
498	97
499	97
500	97
501	97
502	97
503	97
504	97
505	97
506	97
507	97
508	97
509	97
510	97
511	97
512	97
513	97
514	97
515	97
516	97
517	97
518	97
519	97
520	97
521	97
522	97
523	97
524	97
525	97
526	97
527	97
528	96
529	96
530	96
531	96
532	96
533	96
534	96
535	96
536	96
537	96
538	96
539	96
540	96
541	96
542	96
543	96
544	96
545	96
546	96
547	96
548	96
549	96
550	96
551	96
552	96
553	96
554	96
555	96
556	96
557	96
558	96
559	96
560	96
561	96
562	96
563	96
564	96
565	96
566	96
567	96
568	96
569	96
570	96
571	96
572	96
573	96
574	96
575	96
576	96
577	96
578	96
579	96
580	96
581	96
582	96
583	96
584	96
585	96
586	96
587	96
588	96
589	96
590	96
591	96
592	96
593	96
594	96
595	96
596	96
597	96
598	96
599	96
600	96
601	96
602	96
603	96
604	96
605	96
606	96
607	96
608	96
609	96
610	96
611	96
612	96
613	96
614	96
615	96
616	96
617	96
618	96
619	96
620	96
621	96
622	96
623	96
624	96
625	97
626	97
627	97
628	97
629	97
630	97
631	97
632	97
633	97
634	97
635	97
636	97
637	97
638	97
639	97
640	97
641	97
642	97
643	97
644	97
645	97
646	97
647	97
648	97
649	97
650	97
651	97
652	97
653	97
654	97
655	97
656	97
657	97
658	97
659	97
660	97
661	97
662	97
663	97
664	97
665	97
666	97
667	97
668	97
669	97
670	97
671	97
672	97
673	97
674	97
675	97
676	97
677	97
678	97
679	97
680	97
681	97
682	97
683	97
684	97
685	97
686	97
687	97
688	97
689	97
690	97
691	97
692	97
693	97
694	97
695	97
696	97
697	97
698	97
699	97
700	97
701	97
702	97
703	97
704	97
705	97
706	97
707	97
708	97
709	96
710	96
711	96
712	96
713	96
714	96
715	96
716	96
717	96
718	96
719	96
720	96
721	96
722	96
723	96
724	96
725	96
726	96
727	96
728	96
729	96
730	96
731	96
732	96
733	96
734	96
735	96
736	96
737	96
738	96
739	96
740	96
741	96
742	96
743	96
744	96
745	96
746	96
747	96
748	96
749	96
750	96
751	96
752	95
753	95
754	95
755	95
756	95
757	95
758	95
759	95
760	95
761	95
762	95
763	95
764	95
765	95
766	95
767	95
768	95
769	95
770	95
771	95
772	95
773	95
774	95
775	95
776	95
777	95
778	95
779	95
780	95
781	95
782	95
783	95
784	95
785	95
786	95
787	95
788	95
789	95
790	95
791	95
792	95
793	95
794	95
795	95
796	95
797	95
798	95
799	95
800	95
801	95
802	95
803	95
804	95
805	95
806	95
807	95
808	95
809	95
810	95
811	95
812	95
813	95
814	95
815	95
816	95
817	95
818	95
819	95
820	95
821	95
822	95
823	95
824	95
825	95
826	95
827	95
828	95
829	95
830	95
831	95
832	95
833	95
834	95
835	95
836	95
837	95
838	95
839	95
840	95
841	95
842	95
843	95
844	95
845	95
846	95
847	95
848	95
849	95
850	95
851	95
852	95
853	95
854	95
855	95
856	95
857	95
858	95
859	94
860	94
861	94
862	94
863	94
864	94
865	94
866	94
867	94
868	94
869	94
870	94
871	94
872	94
873	94
874	94
875	94
876	94
877	94
878	94
879	94
880	94
881	94
882	94
883	94
884	94
885	94
886	94
887	94
888	94
889	94
890	94
891	94
892	94
893	94
894	94
895	94
896	94
897	94
898	94
899	94
900	94
901	94
902	94
903	94
904	94
905	94
906	94
907	94
908	94
909	94
910	94
911	94
912	94
913	94
914	94
915	94
916	94
917	94
918	94
919	94
920	94
921	94
922	94
923	94
924	94
925	94
926	94
927	94
928	94
929	94
930	94
931	94
932	94
933	94
934	94
935	94
936	94
937	94
938	94
939	94
940	94
941	94
942	94
943	94
944	92
945	92
946	92
947	92
948	92
949	92
950	92
951	92
952	92
953	92
954	92
955	92
956	92
957	92
958	92
959	92
960	92
961	92
962	92
963	92
964	92
965	91
966	91
967	91
968	91
969	91
970	91
971	91
972	91
973	91
974	91
975	91
976	91
977	91
978	91
979	91
980	91
981	91
982	91
983	91
984	91
985	91
986	91
987	91
988	91
989	91
990	91
991	91
992	91
993	91
994	91
995	91
996	91
997	91
998	91
999	91
1000	91
1001	91
1002	91
1003	91
1004	91
1005	91
1006	91
1007	91
1008	91
1009	91
1010	91
1011	91
1012	91
1013	91
1014	91
1015	91
1016	91
1017	91
1018	91
1019	91
1020	91
1021	91
1022	91
1023	91
1024	91
1025	91
1026	91
1027	91
1028	91
1029	90
1030	90
1031	90
1032	90
1033	90
1034	90
1035	90
1036	90
1037	90
1038	90
1039	90
1040	90
1041	90
1042	90
1043	90
1044	90
1045	90
1046	90
1047	90
1048	90
1049	90
1050	90
1051	90
1052	90
1053	90
1054	90
1055	90
1056	90
1057	90
1058	90
1059	90
1060	90
1061	90
1062	90
1063	90
1064	90
1065	90
1066	90
1067	90
1068	90
1069	90
1070	90
1071	90
1072	90
1073	90
1074	90
1075	90
1076	90
1077	90
1078	90
1079	90
1080	90
1081	90
1082	90
1083	90
1084	90
1085	90
1086	90
1087	90
1088	90
1089	90
1090	90
1091	90
1092	90
1093	89
1094	89
1095	89
1096	89
1097	89
1098	89
1099	89
1100	89
1101	89
1102	89
1103	89
1104	89
1105	89
1106	89
1107	89
1108	89
1109	89
1110	89
1111	89
1112	89
1113	89
1114	89
1115	89
1116	89
1117	89
1118	89
1119	89
1120	89
1121	89
1122	89
1123	89
1124	89
1125	89
1126	89
1127	89
1128	89
1129	89
1130	89
1131	89
1132	89
1133	89
1134	89
1135	89
1136	89
1137	89
1138	89
1139	89
1140	89
1141	89
1142	89
1143	89
1144	89
1145	89
1146	89
1147	89
1148	89
1149	89
1150	89
1151	89
1152	89
1153	89
1154	89
1155	89
1156	89
1157	88
1158	88
1159	88
1160	88
1161	88
1162	88
1163	88
1164	88
1165	88
1166	88
1167	88
1168	88
1169	88
1170	88
1171	88
1172	88
1173	88
1174	88
1175	88
1176	88
1177	88
1178	88
1179	88
1180	88
1181	88
1182	88
1183	88
1184	88
1185	88
1186	88
1187	88
1188	88
1189	88
1190	88
1191	88
1192	88
1193	88
1194	88
1195	88
1196	88
1197	88
1198	88
1199	88
1200	88
1201	88
1202	88
1203	88
1204	88
1205	88
1206	88
1207	88
1208	88
1209	88
1210	88
1211	87
1212	87
1213	87
1214	87
1215	87
1216	87
1217	87
1218	87
1219	87
1220	87
1221	87
1222	87
1223	87
1224	87
1225	87
1226	87
1227	87
1228	87
1229	87
1230	87
1231	87
1232	87
1233	87
1234	87
1235	87
1236	87
1237	87
1238	87
1239	87
1240	87
1241	87
1242	87
1243	87
1244	87
1245	87
1246	87
1247	87
1248	87
1249	87
1250	87
1251	87
1252	87
1253	87
1254	87
1255	87
1256	87
1257	87
1258	87
1259	87
1260	87
1261	87
1262	87
1263	87
1264	87
1265	87
1266	87
1267	87
1268	87
1269	87
1270	87
1271	87
1272	87
1273	87
1274	87
1275	86
1276	86
1277	86
1278	86
1279	86
1280	86
1281	86
1282	86
1283	86
1284	86
1285	86
1286	86
1287	86
1288	86
1289	86
1290	86
1291	86
1292	86
1293	86
1294	86
1295	86
1296	86
1297	86
1298	86
1299	86
1300	86
1301	86
1302	86
1303	86
1304	86
1305	86
1306	86
1307	86
1308	86
1309	86
1310	86
1311	86
1312	86
1313	86
1314	86
1315	86
1316	86
1317	86
1318	86
1319	86
1320	86
1321	86
1322	86
1323	86
1324	86
1325	86
1326	86
1327	86
1328	85
1329	85
1330	85
1331	85
1332	85
1333	85
1334	85
1335	85
1336	85
1337	85
1338	85
1339	85
1340	85
1341	85
1342	85
1343	85
1344	85
1345	85
1346	85
1347	85
1348	85
1349	85
1350	85
1351	85
1352	85
1353	85
1354	85
1355	85
1356	85
1357	85
1358	85
1359	85
1360	85
1361	85
1362	85
1363	85
1364	85
1365	85
1366	85
1367	85
1368	85
1369	85
1370	85
1371	85
1372	85
1373	85
1374	85
1375	85
1376	85
1377	85
1378	85
1379	85
1380	85
1381	85
1382	85
1383	85
1384	85
1385	85
1386	85
1387	85
1388	85
1389	85
1390	85
1391	85
1392	85
1393	85
1394	85
1395	85
1396	85
1397	85
1398	85
1399	85
1400	85
1401	85
1402	85
1403	85
1404	85
1405	85
1406	85
1407	85
1408	85
1409	85
1410	85
1411	85
1412	85
1413	85
1414	85
1415	85
1416	85
1417	85
1418	85
1419	85
1420	85
1421	85
1422	85
1423	85
1424	85
1425	85
1426	85
1427	85
1428	85
1429	85
1430	85
1431	85
1432	85
1433	85
1434	85
1435	85
1436	85
1437	85
1438	85
1439	85
1440	85
1441	85
1442	85
1443	85
1444	85
1445	85
1446	85
1447	85
1448	85
1449	85
1450	85
1451	85
1452	85
1453	85
1454	85
1455	85
1456	85
1457	86
1458	86
1459	86
1460	86
1461	86
1462	86
1463	86
1464	86
1465	86
1466	86
1467	86
1468	86
1469	86
1470	86
1471	86
1472	86
1473	86
1474	86
1475	86
1476	86
1477	86
1478	86
1479	86
1480	86
1481	86
1482	86
1483	86
1484	86
1485	86
1486	86
1487	86
1488	87
1489	88
1490	88
1491	88
1492	88
1493	88
1494	88
1495	88
1496	88
1497	88
1498	88
1499	88
1500	88
1501	88
1502	88
1503	88
1504	88
1505	88
1506	88
1507	88
1508	88
1509	88
1510	88
1511	88
1512	88
1513	88
1514	88
1515	88
1516	88
1517	88
1518	88
1519	88
1520	88
1521	89
1522	89
1523	89
1524	89
1525	89
1526	89
1527	89
1528	89
1529	89
1530	89
1531	89
1532	89
1533	89
1534	89
1535	89
1536	89
1537	89
1538	89
1539	89
1540	89
1541	90
1542	91
1543	91
1544	91
1545	91
1546	91
1547	91
1548	91
1549	91
1550	91
1551	91
1552	91
1553	91
1554	91
1555	91
1556	91
1557	91
1558	91
1559	91
1560	91
1561	91
1562	91
1563	91
1564	91
1565	91
1566	91
1567	91
1568	91
1569	91
1570	91
1571	91
1572	91
1573	91
1574	92
1575	92
1576	92
1577	92
1578	92
1579	92
1580	92
1581	92
1582	92
1583	92
1584	92
1585	92
1586	92
1587	92
1588	92
1589	92
1590	92
1591	92
1592	92
1593	92
1594	92
1595	92
1596	92
1597	92
1598	92
1599	92
1600	92
1601	92
1602	92
1603	92
1604	92
1605	93
1606	94
1607	94
1608	94
1609	94
1610	94
1611	94
1612	94
1613	94
1614	94
1615	94
1616	94
1617	94
1618	94
1619	94
1620	94
1621	94
1622	94
1623	94
1624	94
1625	94
1626	94
1627	94
1628	94
1629	94
1630	94
1631	94
1632	94
1633	94
1634	94
1635	94
1636	94
1637	94
1638	95
1639	95
1640	95
1641	95
1642	95
1643	95
1644	95
1645	95
1646	95
1647	95
1648	95
1649	95
1650	95
1651	95
1652	95
1653	95
1654	95
1655	95
1656	95
1657	95
1658	95
1659	96
1660	96
1661	96
1662	96
1663	96
1664	96
1665	96
1666	96
1667	96
1668	96
1669	96
1670	96
1671	96
1672	96
1673	96
1674	96
1675	96
1676	96
1677	96
1678	96
1679	96
1680	96
1681	96
1682	96
1683	96
1684	96
1685	96
1686	96
1687	96
1688	96
1689	96
1690	96
1691	96
1692	96
1693	96
1694	96
1695	96
1696	96
1697	96
1698	96
1699	96
1700	96
1701	96
1702	96
1703	96
1704	96
1705	96
1706	96
1707	96
1708	96
1709	96
1710	96
1711	96
1712	96
1713	96
1714	96
1715	96
1716	96
1717	96
1718	96
1719	96
1720	96
1721	96
1722	96
1723	97
1724	97
1725	97
1726	97
1727	97
1728	97
1729	97
1730	97
1731	97
1732	97
1733	97
1734	97
1735	97
1736	97
1737	97
1738	97
1739	97
1740	97
1741	97
1742	97
1743	97
1744	97
1745	97
1746	97
1747	97
1748	97
1749	97
1750	97
1751	97
1752	97
1753	97
1754	97
1755	97
1756	97
1757	97
1758	97
1759	97
1760	97
1761	97
1762	97
1763	97
1764	97
1765	97
1766	97
1767	97
1768	97
1769	97
1770	97
1771	97
1772	97
1773	97
1774	97
1775	97
1776	97
1777	97
1778	97
1779	97
1780	97
1781	97
1782	97
1783	97
1784	97
1785	97
1786	97
1787	97
1788	97
1789	97
1790	97
1791	97
1792	97
1793	97
1794	97
1795	97
1796	97
1797	97
1798	97
1799	97
1800	97
