1	98
2	98
3	98
4	98
5	98
6	98
7	98
8	98
9	98
10	98
11	98
12	98
13	98
14	98
15	98
16	98
17	98
18	98
19	98
20	98
21	98
22	98
23	98
24	98
25	98
26	98
27	98
28	98
29	98
30	98
31	98
32	98
33	98
34	98
35	98
36	98
37	98
38	98
39	98
40	98
41	98
42	98
43	98
44	98
45	98
46	98
47	98
48	98
49	98
50	98
51	98
52	98
53	98
54	98
55	98
56	98
57	98
58	98
59	98
60	98
61	98
62	98
63	98
64	98
65	98
66	98
67	98
68	98
69	98
70	98
71	98
72	98
73	98
74	98
75	98
76	98
77	98
78	98
79	98
80	98
81	98
82	98
83	98
84	98
85	98
86	98
87	98
88	98
89	98
90	98
91	98
92	98
93	98
94	98
95	98
96	98
97	98
98	98
99	98
100	98
101	98
102	98
103	98
104	98
105	98
106	98
107	98
108	98
109	98
110	98
111	98
112	98
113	98
114	98
115	98
116	98
117	98
118	98
119	98
120	98
121	98
122	98
123	98
124	98
125	98
126	98
127	98
128	98
129	98
130	98
131	98
132	98
133	98
134	98
135	98
136	98
137	98
138	98
139	98
140	98
141	98
142	98
143	98
144	98
145	98
146	98
147	98
148	98
149	98
150	98
151	98
152	98
153	98
154	98
155	98
156	98
157	98
158	98
159	98
160	98
161	98
162	98
163	98
164	98
165	98
166	98
167	98
168	98
169	98
170	98
171	98
172	98
173	98
174	98
175	98
176	98
177	98
178	98
179	98
180	98
181	98
182	98
183	98
184	98
185	98
186	98
187	98
188	98
189	98
190	98
191	98
192	98
193	98
194	98
195	98
196	98
197	98
198	98
199	98
200	97
201	97
202	97
203	97
204	97
205	97
206	97
207	97
208	97
209	97
210	97
211	97
212	97
213	97
214	97
215	97
216	97
217	97
218	97
219	97
220	97
221	97
222	97
223	97
224	97
225	97
226	97
227	97
228	97
229	97
230	97
231	97
232	97
233	97
234	97
235	97
236	97
237	97
238	97
239	97
240	97
241	97
242	97
243	97
244	97
245	97
246	97
247	97
248	97
249	97
250	97
251	97
252	97
253	96
254	96
255	96
256	96
257	96
258	96
259	96
260	96
261	96
262	96
263	96
264	96
265	96
266	96
267	96
268	96
269	96
270	96
271	96
272	96
273	96
274	96
275	96
276	96
277	96
278	96
279	96
280	96
281	96
282	96
283	96
284	96
285	96
286	96
287	96
288	96
289	96
290	96
291	96
292	96
293	96
294	96
295	96
296	95
297	95
298	95
299	95
300	95
301	95
302	95
303	95
304	95
305	95
306	95
307	95
308	95
309	95
310	95
311	95
312	95
313	95
314	95
315	95
316	95
317	95
318	95
319	95
320	95
321	95
322	95
323	95
324	95
325	95
326	95
327	95
328	95
329	95
330	95
331	95
332	95
333	95
334	95
335	95
336	95
337	95
338	94
339	94
340	94
341	94
342	94
343	94
344	94
345	94
346	94
347	94
348	94
349	94
350	94
351	94
352	94
353	94
354	94
355	94
356	94
357	94
358	94
359	94
360	94
361	94
362	94
363	94
364	94
365	94
366	94
367	94
368	94
369	94
370	94
371	94
372	94
373	94
374	94
375	94
376	94
377	94
378	94
379	94
380	94
381	94
382	94
383	94
384	94
385	94
386	94
387	94
388	94
389	94
390	94
391	94
392	93
393	93
394	93
395	93
396	93
397	93
398	93
399	93
400	93
401	93
402	93
403	93
404	93
405	93
406	93
407	93
408	93
409	93
410	93
411	93
412	93
413	93
414	93
415	93
416	93
417	93
418	93
419	93
420	93
421	93
422	93
423	93
424	93
425	93
426	93
427	93
428	93
429	93
430	93
431	93
432	93
433	93
434	92
435	92
436	92
437	92
438	92
439	92
440	92
441	92
442	92
443	92
444	92
445	92
446	92
447	92
448	92
449	92
450	92
451	92
452	92
453	92
454	92
455	92
456	92
457	92
458	92
459	92
460	92
461	92
462	92
463	92
464	92
465	92
466	92
467	92
468	92
469	92
470	92
471	92
472	92
473	92
474	92
475	92
476	92
477	92
478	92
479	92
480	92
481	92
482	92
483	92
484	92
485	92
486	92
487	92
488	92
489	92
490	92
491	92
492	92
493	92
494	92
495	92
496	92
497	92
498	92
499	92
500	92
501	92
502	92
503	92
504	92
505	92
506	92
507	92
508	92
509	92
510	92
511	92
512	92
513	92
514	92
515	92
516	92
517	92
518	92
519	92
520	91
521	91
522	91
523	91
524	91
525	91
526	91
527	91
528	91
529	91
530	91
531	91
532	91
533	91
534	91
535	91
536	91
537	91
538	91
539	91
540	91
541	91
542	91
543	91
544	91
545	91
546	91
547	91
548	91
549	91
550	91
551	91
552	90
553	90
554	90
555	90
556	90
557	90
558	90
559	90
560	90
561	90
562	90
563	90
564	90
565	90
566	90
567	90
568	90
569	90
570	90
571	90
572	90
573	90
574	90
575	90
576	90
577	90
578	90
579	90
580	90
581	90
582	90
583	90
584	90
585	90
586	90
587	90
588	90
589	90
590	90
591	90
592	90
593	90
594	90
595	90
596	90
597	90
598	90
599	90
600	90
601	90
602	90
603	90
604	90
605	90
606	90
607	90
608	90
609	90
610	90
611	90
612	90
613	90
614	90
615	90
616	89
617	89
618	89
619	89
620	89
621	89
622	89
623	89
624	89
625	89
626	89
627	89
628	89
629	89
630	89
631	89
632	89
633	89
634	89
635	89
636	89
637	89
638	89
639	89
640	89
641	89
642	89
643	89
644	89
645	89
646	89
647	89
648	89
649	89
650	89
651	89
652	89
653	89
654	89
655	89
656	89
657	89
658	89
659	89
660	89
661	89
662	89
663	89
664	89
665	89
666	89
667	89
668	89
669	88
670	88
671	88
672	88
673	88
674	88
675	88
676	88
677	88
678	88
679	88
680	88
681	88
682	88
683	88
684	88
685	88
686	88
687	88
688	88
689	88
690	88
691	88
692	88
693	88
694	88
695	88
696	88
697	88
698	88
699	88
700	88
701	88
702	88
703	88
704	88
705	88
706	88
707	88
708	88
709	88
710	88
711	88
712	87
713	87
714	87
715	87
716	87
717	87
718	87
719	87
720	87
721	87
722	87
723	87
724	87
725	87
726	87
727	87
728	87
729	87
730	87
731	87
732	87
733	87
734	87
735	87
736	87
737	87
738	87
739	87
740	87
741	87
742	87
743	87
744	87
745	87
746	87
747	87
748	87
749	87
750	87
751	87
752	87
753	87
754	87
755	87
756	87
757	87
758	87
759	87
760	87
761	87
762	87
763	87
764	87
765	87
766	87
767	87
768	87
769	87
770	87
771	87
772	87
773	87
774	87
775	87
776	87
777	87
778	87
779	87
780	87
781	87
782	87
783	87
784	87
785	87
786	87
787	87
788	87
789	87
790	87
791	87
792	87
793	87
794	87
795	87
796	87
797	86
798	86
799	86
800	86
801	86
802	86
803	86
804	86
805	86
806	86
807	86
808	86
809	86
810	86
811	86
812	86
813	86
814	86
815	86
816	86
817	86
818	86
819	87
820	87
821	87
822	87
823	87
824	87
825	87
826	87
827	87
828	87
829	87
830	87
831	87
832	87
833	87
834	87
835	87
836	87
837	87
838	87
839	87
840	87
841	87
842	87
843	87
844	87
845	87
846	87
847	87
848	87
849	87
850	86
851	86
852	86
853	86
854	86
855	86
856	86
857	86
858	86
859	86
860	86
861	86
862	86
863	86
864	86
865	86
866	86
867	86
868	86
869	86
870	86
871	86
872	86
873	86
874	86
875	86
876	86
877	86
878	86
879	86
880	86
881	86
882	86
883	86
884	86
885	86
886	86
887	86
888	86
889	86
890	86
891	86
892	86
893	86
894	86
895	86
896	86
897	86
898	86
899	86
900	86
901	86
902	86
903	86
904	86
905	86
906	86
907	86
908	86
909	86
910	86
911	86
912	86
913	86
914	86
915	86
916	86
917	86
918	86
919	86
920	86
921	86
922	86
923	86
924	86
925	86
926	86
927	86
928	86
929	86
930	86
931	86
932	86
933	86
934	86
935	86
936	86
937	86
938	86
939	86
940	86
941	86
942	86
943	86
944	86
945	86
946	86
947	86
948	86
949	86
950	86
951	86
952	86
953	86
954	86
955	86
956	86
957	86
958	86
959	86
960	86
961	86
962	86
963	86
964	86
965	86
966	86
967	86
968	86
969	86
970	86
971	86
972	86
973	86
974	86
975	86
976	86
977	86
978	86
979	86
980	86
981	86
982	86
983	86
984	86
985	86
986	86
987	86
988	86
989	86
990	86
991	86
992	86
993	86
994	86
995	86
996	86
997	86
998	86
999	86
1000	85
1001	85
1002	85
1003	85
1004	85
1005	85
1006	85
1007	85
1008	85
1009	85
1010	85
1011	85
1012	85
1013	85
1014	85
1015	85
1016	85
1017	85
1018	85
1019	85
1020	85
1021	85
1022	85
1023	85
1024	85
1025	85
1026	85
1027	85
1028	85
1029	85
1030	85
1031	85
1032	85
1033	85
1034	85
1035	85
1036	85
1037	85
1038	85
1039	85
1040	85
1041	85
1042	85
1043	85
1044	85
1045	85
1046	85
1047	85
1048	85
1049	85
1050	85
1051	85
1052	85
1053	85
1054	85
1055	85
1056	85
1057	85
1058	85
1059	85
1060	85
1061	85
1062	85
1063	85
1064	85
1065	85
1066	85
1067	85
1068	85
1069	85
1070	85
1071	85
1072	85
1073	85
1074	85
1075	85
1076	85
1077	85
1078	85
1079	85
1080	85
1081	85
1082	85
1083	85
1084	85
1085	85
1086	85
1087	85
1088	85
1089	85
1090	85
1091	85
1092	85
1093	85
1094	85
1095	85
1096	85
1097	85
1098	85
1099	85
1100	85
1101	85
1102	85
1103	85
1104	85
1105	85
1106	85
1107	85
1108	85
1109	85
1110	85
1111	85
1112	85
1113	85
1114	85
1115	85
1116	85
1117	85
1118	85
1119	85
1120	85
1121	85
1122	85
1123	85
1124	85
1125	85
1126	85
1127	85
1128	84
1129	84
1130	84
1131	84
1132	84
1133	84
1134	84
1135	84
1136	84
1137	84
1138	84
1139	84
1140	84
1141	84
1142	84
1143	84
1144	84
1145	84
1146	84
1147	84
1148	84
1149	84
1150	84
1151	84
1152	84
1153	84
1154	84
1155	84
1156	84
1157	84
1158	84
1159	84
1160	84
1161	84
1162	84
1163	84
1164	84
1165	84
1166	84
1167	84
1168	84
1169	84
1170	84
1171	84
1172	84
1173	84
1174	84
1175	84
1176	84
1177	84
1178	84
1179	84
1180	84
1181	84
1182	84
1183	84
1184	84
1185	84
1186	84
1187	84
1188	84
1189	84
1190	84
1191	84
1192	84
1193	84
1194	84
1195	84
1196	84
1197	84
1198	84
1199	84
1200	84
1201	84
1202	84
1203	84
1204	84
1205	84
1206	84
1207	84
1208	84
1209	84
1210	84
1211	84
1212	84
1213	84
1214	84
1215	84
1216	84
1217	84
1218	84
1219	84
1220	84
1221	84
1222	84
1223	84
1224	84
1225	84
1226	84
1227	84
1228	84
1229	84
1230	84
1231	84
1232	84
1233	84
1234	84
1235	84
1236	84
1237	84
1238	84
1239	84
1240	84
1241	84
1242	84
1243	84
1244	84
1245	84
1246	84
1247	84
1248	84
1249	84
1250	84
1251	84
1252	84
1253	84
1254	84
1255	84
1256	83
1257	83
1258	83
1259	83
1260	83
1261	83
1262	83
1263	83
1264	83
1265	83
1266	83
1267	83
1268	83
1269	83
1270	83
1271	83
1272	83
1273	83
1274	83
1275	83
1276	83
1277	83
1278	83
1279	83
1280	83
1281	83
1282	83
1283	83
1284	83
1285	83
1286	83
1287	83
1288	83
1289	84
1290	84
1291	84
1292	84
1293	84
1294	84
1295	84
1296	84
1297	84
1298	84
1299	84
1300	84
1301	84
1302	84
1303	84
1304	84
1305	84
1306	84
1307	84
1308	84
1309	84
1310	84
1311	84
1312	84
1313	84
1314	84
1315	84
1316	84
1317	84
1318	84
1319	84
1320	83
1321	83
1322	83
1323	83
1324	83
1325	83
1326	83
1327	83
1328	83
1329	83
1330	83
1331	83
1332	83
1333	83
1334	83
1335	83
1336	83
1337	83
1338	83
1339	83
1340	83
1341	83
1342	83
1343	83
1344	83
1345	83
1346	83
1347	83
1348	83
1349	83
1350	83
1351	83
1352	83
1353	83
1354	83
1355	83
1356	83
1357	83
1358	83
1359	83
1360	83
1361	83
1362	83
1363	83
1364	83
1365	83
1366	83
1367	83
1368	83
1369	83
1370	83
1371	83
1372	83
1373	83
1374	83
1375	83
1376	83
1377	83
1378	83
1379	83
1380	83
1381	83
1382	83
1383	83
1384	83
1385	83
1386	83
1387	83
1388	83
1389	83
1390	83
1391	83
1392	83
1393	83
1394	83
1395	83
1396	83
1397	83
1398	83
1399	83
1400	83
1401	83
1402	83
1403	83
1404	83
1405	83
1406	83
1407	83
1408	83
1409	83
1410	83
1411	83
1412	83
1413	83
1414	83
1415	83
1416	83
1417	83
1418	83
1419	83
1420	83
1421	83
1422	83
1423	83
1424	83
1425	83
1426	83
1427	83
1428	83
1429	83
1430	83
1431	83
1432	83
1433	83
1434	83
1435	83
1436	83
1437	83
1438	83
1439	83
1440	83
1441	83
1442	83
1443	83
1444	83
1445	83
1446	83
1447	83
1448	83
1449	83
1450	83
1451	83
1452	83
1453	83
1454	83
1455	83
1456	83
1457	83
1458	83
1459	83
1460	83
1461	83
1462	83
1463	83
1464	83
1465	83
1466	83
1467	83
1468	83
1469	83
1470	83
1471	83
1472	83
1473	83
1474	83
1475	83
1476	83
1477	83
1478	83
1479	83
1480	83
1481	83
1482	83
1483	83
1484	83
1485	83
1486	83
1487	83
1488	83
1489	83
1490	83
1491	83
1492	83
1493	83
1494	83
1495	83
1496	83
1497	83
1498	83
1499	83
1500	83
1501	83
1502	84
1503	84
1504	84
1505	84
1506	84
1507	84
1508	84
1509	84
1510	84
1511	84
1512	84
1513	84
1514	84
1515	84
1516	84
1517	84
1518	84
1519	84
1520	84
1521	84
1522	84
1523	86
1524	86
1525	86
1526	86
1527	86
1528	86
1529	86
1530	86
1531	86
1532	86
1533	86
1534	86
1535	86
1536	86
1537	86
1538	86
1539	86
1540	86
1541	86
1542	86
1543	86
1544	86
1545	86
1546	86
1547	86
1548	86
1549	86
1550	86
1551	86
1552	86
1553	86
1554	86
1555	88
1556	88
1557	88
1558	88
1559	88
1560	88
1561	88
1562	88
1563	88
1564	88
1565	88
1566	88
1567	88
1568	88
1569	88
1570	88
1571	88
1572	88
1573	88
1574	88
1575	88
1576	89
1577	90
1578	90
1579	90
1580	90
1581	90
1582	90
1583	90
1584	90
1585	90
1586	90
1587	90
1588	90
1589	90
1590	90
1591	90
1592	90
1593	90
1594	90
1595	90
1596	90
1597	90
1598	90
1599	90
1600	90
1601	90
1602	90
1603	90
1604	90
1605	90
1606	90
1607	90
1608	90
1609	91
1610	91
1611	91
1612	91
1613	91
1614	91
1615	91
1616	91
1617	91
1618	91
1619	91
1620	91
1621	91
1622	91
1623	91
1624	91
1625	91
1626	91
1627	91
1628	91
1629	91
1630	91
1631	91
1632	91
1633	91
1634	91
1635	91
1636	91
1637	91
1638	91
1639	91
1640	92
1641	93
1642	93
1643	93
1644	93
1645	93
1646	93
1647	93
1648	93
1649	93
1650	93
1651	93
1652	93
1653	93
1654	93
1655	93
1656	93
1657	93
1658	93
1659	93
1660	93
1661	93
1662	93
1663	93
1664	93
1665	93
1666	93
1667	93
1668	93
1669	93
1670	93
1671	93
1672	94
1673	94
1674	94
1675	94
1676	94
1677	94
1678	94
1679	94
1680	94
1681	94
1682	94
1683	94
1684	94
1685	94
1686	94
1687	94
1688	94
1689	94
1690	94
1691	94
1692	94
1693	94
1694	95
1695	95
1696	95
1697	95
1698	95
1699	95
1700	95
1701	95
1702	95
1703	95
1704	95
1705	95
1706	95
1707	95
1708	95
1709	95
1710	95
1711	95
1712	95
1713	95
1714	95
1715	95
1716	95
1717	95
1718	95
1719	95
1720	95
1721	95
1722	95
1723	95
1724	95
1725	95
1726	96
1727	96
1728	96
1729	96
1730	96
1731	96
1732	96
1733	96
1734	96
1735	96
1736	96
1737	96
1738	96
1739	96
1740	96
1741	96
1742	96
1743	96
1744	96
1745	96
1746	96
1747	97
1748	97
1749	97
1750	97
1751	97
1752	97
1753	97
1754	97
1755	97
1756	97
1757	97
1758	97
1759	97
1760	97
1761	97
1762	97
1763	97
1764	97
1765	97
1766	97
1767	97
1768	97
1769	97
1770	97
1771	97
1772	97
1773	97
1774	97
1775	97
1776	97
1777	97
1778	97
1779	97
1780	97
1781	97
1782	97
1783	97
1784	97
1785	97
1786	97
1787	97
1788	97
1789	97
1790	97
1791	97
1792	97
1793	97
1794	97
1795	97
1796	97
1797	97
1798	97
1799	97
1800	97
