1	97
2	97
3	97
4	97
5	97
6	97
7	97
8	97
9	97
10	97
11	97
12	97
13	97
14	97
15	97
16	97
17	97
18	97
19	97
20	97
21	97
22	97
23	97
24	97
25	97
26	97
27	97
28	97
29	97
30	97
31	97
32	97
33	97
34	97
35	97
36	97
37	97
38	97
39	97
40	97
41	97
42	97
43	97
44	97
45	97
46	97
47	97
48	97
49	97
50	97
51	97
52	97
53	97
54	97
55	97
56	97
57	97
58	97
59	97
60	97
61	97
62	97
63	97
64	97
65	97
66	97
67	97
68	97
69	97
70	97
71	97
72	97
73	97
74	97
75	97
76	97
77	97
78	97
79	97
80	97
81	97
82	97
83	97
84	97
85	97
86	97
87	97
88	97
89	97
90	97
91	97
92	97
93	97
94	97
95	97
96	97
97	97
98	97
99	97
100	97
101	97
102	97
103	97
104	97
105	97
106	97
107	97
108	97
109	97
110	97
111	98
112	98
113	98
114	98
115	98
116	98
117	98
118	98
119	98
120	98
121	98
122	98
123	98
124	98
125	98
126	98
127	98
128	98
129	98
130	98
131	98
132	98
133	98
134	98
135	98
136	98
137	98
138	98
139	98
140	98
141	98
142	98
143	98
144	98
145	98
146	98
147	98
148	98
149	98
150	98
151	98
152	98
153	98
154	98
155	98
156	98
157	98
158	98
159	98
160	98
161	98
162	98
163	98
164	98
165	98
166	98
167	98
168	98
169	98
170	98
171	98
172	98
173	98
174	98
175	98
176	98
177	98
178	98
179	98
180	98
181	98
182	98
183	98
184	98
185	98
186	98
187	98
188	98
189	98
190	98
191	98
192	98
193	98
194	98
195	98
196	98
197	98
198	98
199	98
200	98
201	98
202	98
203	98
204	98
205	98
206	98
207	98
208	98
209	98
210	98
211	98
212	98
213	98
214	98
215	98
216	98
217	98
218	98
219	98
220	98
221	98
222	98
223	98
224	98
225	98
226	98
227	98
228	98
229	98
230	98
231	98
232	98
233	98
234	98
235	98
236	98
237	98
238	98
239	98
240	98
241	98
242	98
243	98
244	98
245	98
246	98
247	98
248	98
249	98
250	98
251	98
252	98
253	98
254	98
255	98
256	98
257	98
258	98
259	98
260	98
261	98
262	98
263	98
264	98
265	98
266	98
267	98
268	98
269	98
270	98
271	98
272	98
273	98
274	98
275	98
276	98
277	98
278	98
279	98
280	98
281	98
282	98
283	98
284	98
285	98
286	98
287	98
288	98
289	98
290	98
291	98
292	98
293	98
294	98
295	98
296	98
297	98
298	98
299	98
300	98
301	98
302	98
303	98
304	98
305	98
306	98
307	98
308	98
309	98
310	98
311	98
312	98
313	98
314	98
315	98
316	98
317	98
318	98
319	98
320	98
321	98
322	98
323	98
324	98
325	98
326	98
327	98
328	98
329	98
330	98
331	98
332	98
333	98
334	97
335	97
336	97
337	97
338	97
339	97
340	97
341	97
342	97
343	97
344	97
345	97
346	97
347	97
348	97
349	97
350	97
351	97
352	97
353	97
354	97
355	97
356	97
357	97
358	97
359	97
360	97
361	97
362	97
363	97
364	97
365	97
366	97
367	97
368	97
369	97
370	97
371	97
372	97
373	97
374	97
375	97
376	97
377	97
378	97
379	97
380	97
381	97
382	97
383	97
384	97
385	97
386	97
387	97
388	97
389	97
390	97
391	97
392	97
393	97
394	97
395	97
396	97
397	97
398	97
399	97
400	97
401	97
402	97
403	97
404	97
405	97
406	97
407	97
408	97
409	97
410	97
411	97
412	97
413	97
414	97
415	97
416	97
417	97
418	97
419	97
420	97
421	97
422	97
423	97
424	97
425	97
426	97
427	97
428	97
429	97
430	97
431	97
432	97
433	97
434	97
435	97
436	97
437	97
438	97
439	97
440	97
441	97
442	97
443	97
444	97
445	97
446	97
447	97
448	97
449	97
450	97
451	97
452	97
453	97
454	97
455	97
456	97
457	97
458	97
459	97
460	97
461	97
462	97
463	97
464	97
465	97
466	97
467	97
468	97
469	97
470	97
471	97
472	97
473	97
474	97
475	97
476	97
477	97
478	97
479	97
480	97
481	97
482	97
483	97
484	97
485	97
486	97
487	97
488	97
489	97
490	97
491	97
492	97
493	97
494	97
495	97
496	97
497	97
498	97
499	97
500	97
501	97
502	97
503	97
504	97
505	97
506	97
507	97
508	97
509	97
510	97
511	97
512	97
513	97
514	97
515	97
516	97
517	97
518	97
519	97
520	97
521	97
522	97
523	97
524	97
525	97
526	96
527	96
528	96
529	96
530	96
531	96
532	96
533	96
534	96
535	96
536	96
537	96
538	96
539	96
540	96
541	96
542	96
543	96
544	96
545	96
546	96
547	96
548	96
549	96
550	96
551	96
552	96
553	96
554	96
555	96
556	96
557	96
558	96
559	96
560	96
561	96
562	96
563	96
564	96
565	96
566	96
567	96
568	96
569	96
570	96
571	96
572	96
573	96
574	96
575	96
576	96
577	96
578	96
579	96
580	96
581	96
582	96
583	96
584	96
585	96
586	96
587	96
588	96
589	96
590	96
591	96
592	96
593	96
594	96
595	96
596	96
597	96
598	96
599	96
600	96
601	96
602	96
603	96
604	96
605	96
606	96
607	96
608	96
609	96
610	96
611	96
612	96
613	96
614	96
615	96
616	96
617	96
618	96
619	96
620	96
621	96
622	96
623	96
624	96
625	96
626	96
627	96
628	96
629	96
630	96
631	96
632	96
633	96
634	96
635	96
636	96
637	96
638	96
639	96
640	96
641	96
642	96
643	96
644	96
645	96
646	96
647	96
648	96
649	96
650	96
651	96
652	96
653	96
654	96
655	96
656	96
657	96
658	96
659	96
660	96
661	96
662	96
663	96
664	96
665	96
666	96
667	96
668	96
669	96
670	96
671	96
672	96
673	96
674	96
675	96
676	96
677	96
678	96
679	96
680	96
681	96
682	96
683	96
684	96
685	96
686	95
687	95
688	95
689	95
690	95
691	95
692	95
693	95
694	95
695	95
696	95
697	95
698	95
699	95
700	95
701	95
702	95
703	95
704	95
705	95
706	95
707	95
708	95
709	95
710	95
711	95
712	95
713	95
714	95
715	95
716	95
717	95
718	95
719	95
720	95
721	95
722	95
723	95
724	95
725	95
726	95
727	95
728	95
729	95
730	95
731	95
732	95
733	95
734	95
735	95
736	95
737	95
738	95
739	95
740	95
741	95
742	95
743	95
744	95
745	95
746	95
747	95
748	95
749	95
750	95
751	95
752	95
753	95
754	95
755	95
756	95
757	95
758	95
759	95
760	95
761	95
762	95
763	95
764	95
765	95
766	95
767	95
768	95
769	95
770	95
771	95
772	95
773	95
774	95
775	95
776	95
777	95
778	95
779	95
780	95
781	95
782	95
783	95
784	95
785	95
786	95
787	95
788	95
789	95
790	95
791	95
792	95
793	95
794	95
795	95
796	95
797	95
798	95
799	95
800	95
801	95
802	95
803	95
804	95
805	95
806	95
807	95
808	95
809	95
810	95
811	95
812	95
813	95
814	95
815	95
816	95
817	95
818	95
819	95
820	95
821	95
822	95
823	95
824	95
825	95
826	95
827	95
828	95
829	95
830	95
831	95
832	95
833	95
834	95
835	95
836	95
837	95
838	95
839	95
840	95
841	95
842	95
843	95
844	95
845	95
846	95
847	95
848	95
849	95
850	95
851	95
852	95
853	95
854	95
855	95
856	95
857	95
858	95
859	95
860	95
861	95
862	95
863	95
864	95
865	95
866	95
867	94
868	94
869	94
870	94
871	94
872	94
873	94
874	94
875	94
876	94
877	94
878	94
879	94
880	94
881	94
882	94
883	94
884	94
885	94
886	94
887	94
888	94
889	94
890	94
891	94
892	94
893	94
894	94
895	94
896	94
897	94
898	94
899	94
900	94
901	94
902	94
903	94
904	94
905	94
906	94
907	94
908	94
909	94
910	94
911	94
912	94
913	94
914	94
915	94
916	94
917	94
918	94
919	94
920	94
921	94
922	94
923	94
924	94
925	94
926	94
927	94
928	94
929	94
930	94
931	94
932	94
933	94
934	94
935	94
936	94
937	94
938	94
939	94
940	94
941	94
942	94
943	94
944	94
945	94
946	94
947	94
948	94
949	94
950	94
951	94
952	94
953	94
954	94
955	94
956	94
957	94
958	94
959	94
960	94
961	94
962	94
963	93
964	93
965	93
966	93
967	93
968	93
969	93
970	93
971	93
972	93
973	93
974	93
975	93
976	93
977	93
978	93
979	93
980	93
981	93
982	93
983	93
984	93
985	93
986	93
987	93
988	93
989	93
990	93
991	93
992	93
993	93
994	93
995	93
996	93
997	93
998	93
999	93
1000	93
1001	93
1002	93
1003	93
1004	93
1005	93
1006	93
1007	93
1008	93
1009	93
1010	93
1011	93
1012	93
1013	93
1014	93
1015	93
1016	93
1017	93
1018	93
1019	93
1020	93
1021	93
1022	93
1023	93
1024	93
1025	93
1026	93
1027	93
1028	93
1029	93
1030	93
1031	93
1032	93
1033	93
1034	93
1035	93
1036	93
1037	93
1038	93
1039	93
1040	93
1041	93
1042	93
1043	93
1044	93
1045	93
1046	93
1047	93
1048	93
1049	93
1050	93
1051	93
1052	93
1053	93
1054	93
1055	93
1056	93
1057	93
1058	93
1059	92
1060	92
1061	92
1062	92
1063	92
1064	92
1065	92
1066	92
1067	92
1068	92
1069	92
1070	92
1071	92
1072	92
1073	92
1074	92
1075	92
1076	92
1077	92
1078	92
1079	92
1080	92
1081	92
1082	92
1083	92
1084	92
1085	92
1086	92
1087	92
1088	92
1089	92
1090	92
1091	92
1092	92
1093	92
1094	92
1095	92
1096	92
1097	92
1098	92
1099	92
1100	92
1101	92
1102	92
1103	92
1104	92
1105	92
1106	92
1107	92
1108	92
1109	92
1110	92
1111	92
1112	92
1113	92
1114	92
1115	92
1116	92
1117	92
1118	92
1119	92
1120	92
1121	92
1122	92
1123	92
1124	92
1125	92
1126	92
1127	92
1128	92
1129	92
1130	92
1131	92
1132	92
1133	92
1134	92
1135	92
1136	92
1137	92
1138	92
1139	92
1140	92
1141	92
1142	92
1143	92
1144	92
1145	92
1146	92
1147	92
1148	92
1149	92
1150	92
1151	92
1152	92
1153	92
1154	92
1155	92
1156	92
1157	92
1158	92
1159	92
1160	92
1161	92
1162	92
1163	92
1164	92
1165	92
1166	91
1167	91
1168	91
1169	91
1170	91
1171	91
1172	91
1173	91
1174	91
1175	91
1176	91
1177	91
1178	91
1179	91
1180	91
1181	91
1182	91
1183	91
1184	91
1185	91
1186	91
1187	91
1188	91
1189	91
1190	91
1191	91
1192	91
1193	91
1194	91
1195	91
1196	91
1197	91
1198	91
1199	91
1200	91
1201	91
1202	91
1203	91
1204	91
1205	91
1206	91
1207	91
1208	91
1209	91
1210	91
1211	91
1212	91
1213	91
1214	91
1215	91
1216	91
1217	91
1218	91
1219	91
1220	91
1221	91
1222	91
1223	91
1224	91
1225	91
1226	91
1227	91
1228	91
1229	91
1230	91
1231	91
1232	91
1233	91
1234	91
1235	91
1236	91
1237	91
1238	91
1239	91
1240	91
1241	90
1242	90
1243	90
1244	90
1245	90
1246	90
1247	90
1248	90
1249	90
1250	90
1251	90
1252	90
1253	90
1254	90
1255	90
1256	90
1257	90
1258	90
1259	90
1260	90
1261	90
1262	90
1263	90
1264	90
1265	90
1266	90
1267	90
1268	90
1269	90
1270	90
1271	90
1272	90
1273	90
1274	90
1275	90
1276	90
1277	90
1278	90
1279	90
1280	90
1281	90
1282	90
1283	90
1284	90
1285	90
1286	90
1287	90
1288	90
1289	90
1290	90
1291	90
1292	90
1293	90
1294	90
1295	90
1296	90
1297	90
1298	90
1299	90
1300	90
1301	90
1302	90
1303	90
1304	90
1305	90
1306	90
1307	90
1308	90
1309	90
1310	90
1311	90
1312	90
1313	90
1314	90
1315	90
1316	90
1317	90
1318	90
1319	90
1320	90
1321	90
1322	90
1323	90
1324	90
1325	90
1326	90
1327	90
1328	90
1329	90
1330	90
1331	90
1332	90
1333	90
1334	90
1335	90
1336	90
1337	90
1338	90
1339	90
1340	90
1341	90
1342	90
1343	90
1344	90
1345	90
1346	90
1347	90
1348	90
1349	90
1350	90
1351	90
1352	90
1353	90
1354	90
1355	90
1356	90
1357	90
1358	90
1359	90
1360	90
1361	90
1362	90
1363	90
1364	90
1365	90
1366	90
1367	90
1368	90
1369	90
1370	90
1371	90
1372	90
1373	90
1374	90
1375	90
1376	90
1377	90
1378	90
1379	90
1380	90
1381	90
1382	90
1383	90
1384	90
1385	90
1386	90
1387	90
1388	90
1389	90
1390	90
1391	90
1392	90
1393	90
1394	90
1395	90
1396	90
1397	90
1398	90
1399	90
1400	90
1401	90
1402	90
1403	90
1404	90
1405	90
1406	90
1407	90
1408	90
1409	90
1410	90
1411	89
1412	89
1413	89
1414	89
1415	89
1416	89
1417	89
1418	89
1419	89
1420	89
1421	89
1422	89
1423	89
1424	89
1425	89
1426	89
1427	89
1428	89
1429	89
1430	89
1431	89
1432	89
1433	89
1434	89
1435	89
1436	89
1437	89
1438	89
1439	89
1440	89
1441	89
1442	89
1443	89
1444	89
1445	89
1446	89
1447	89
1448	89
1449	89
1450	89
1451	89
1452	89
1453	89
1454	89
1455	89
1456	89
1457	89
1458	89
1459	89
1460	89
1461	89
1462	89
1463	89
1464	89
1465	89
1466	89
1467	89
1468	89
1469	89
1470	89
1471	89
1472	89
1473	89
1474	89
1475	89
1476	89
1477	89
1478	89
1479	89
1480	89
1481	89
1482	89
1483	89
1484	89
1485	89
1486	89
1487	89
1488	89
1489	89
1490	89
1491	89
1492	89
1493	89
1494	89
1495	89
1496	89
1497	89
1498	89
1499	89
1500	89
1501	89
1502	89
1503	89
1504	89
1505	89
1506	89
1507	89
1508	89
1509	89
1510	89
1511	89
1512	89
1513	89
1514	89
1515	89
1516	89
1517	89
1518	89
1519	89
1520	89
1521	89
1522	89
1523	89
1524	89
1525	89
1526	89
1527	89
1528	89
1529	89
1530	89
1531	89
1532	89
1533	89
1534	89
1535	89
1536	89
1537	89
1538	89
1539	89
1540	89
1541	89
1542	89
1543	89
1544	89
1545	89
1546	89
1547	89
1548	89
1549	89
1550	89
1551	89
1552	89
1553	89
1554	89
1555	89
1556	89
1557	89
1558	89
1559	89
1560	89
1561	89
1562	89
1563	89
1564	89
1565	89
1566	89
1567	89
1568	89
1569	89
1570	89
1571	89
1572	89
1573	89
1574	89
1575	89
1576	89
1577	89
1578	89
1579	89
1580	89
1581	89
1582	89
1583	89
1584	89
1585	89
1586	89
1587	89
1588	89
1589	89
1590	89
1591	89
1592	89
1593	89
1594	89
1595	89
1596	89
1597	89
1598	89
1599	89
1600	89
1601	89
1602	89
1603	89
1604	89
1605	89
1606	89
1607	89
1608	89
1609	89
1610	89
1611	89
1612	89
1613	89
1614	89
1615	89
1616	89
1617	89
1618	89
1619	89
1620	89
1621	89
1622	89
1623	89
1624	89
1625	90
1626	90
1627	90
1628	90
1629	90
1630	90
1631	90
1632	90
1633	90
1634	90
1635	90
1636	90
1637	90
1638	90
1639	90
1640	90
1641	90
1642	90
1643	90
1644	90
1645	90
1646	90
1647	91
1648	91
1649	91
1650	91
1651	91
1652	91
1653	91
1654	91
1655	91
1656	91
1657	91
1658	91
1659	91
1660	91
1661	91
1662	91
1663	91
1664	91
1665	91
1666	91
1667	91
1668	91
1669	91
1670	91
1671	91
1672	91
1673	91
1674	91
1675	91
1676	91
1677	91
1678	92
1679	93
1680	93
1681	93
1682	93
1683	93
1684	93
1685	93
1686	93
1687	93
1688	93
1689	93
1690	93
1691	93
1692	93
1693	93
1694	93
1695	93
1696	93
1697	93
1698	93
1699	93
1700	94
1701	94
1702	94
1703	94
1704	94
1705	94
1706	94
1707	94
1708	94
1709	94
1710	94
1711	94
1712	94
1713	94
1714	94
1715	94
1716	94
1717	94
1718	94
1719	94
1720	94
1721	94
1722	94
1723	94
1724	94
1725	94
1726	94
1727	94
1728	94
1729	94
1730	94
1731	94
1732	95
1733	95
1734	95
1735	95
1736	95
1737	95
1738	95
1739	95
1740	95
1741	95
1742	95
1743	95
1744	95
1745	95
1746	95
1747	95
1748	95
1749	95
1750	95
1751	95
1752	95
1753	95
1754	95
1755	95
1756	95
1757	95
1758	95
1759	95
1760	95
1761	95
1762	95
1763	95
1764	96
1765	96
1766	96
1767	96
1768	96
1769	96
1770	96
1771	96
1772	96
1773	96
1774	96
1775	96
1776	96
1777	96
1778	96
1779	96
1780	96
1781	96
1782	96
1783	96
1784	96
1785	96
1786	96
1787	96
1788	96
1789	96
1790	96
1791	96
1792	96
1793	96
1794	96
1795	96
1796	96
1797	96
1798	96
1799	96
1800	96
