1	98
2	98
3	98
4	98
5	98
6	98
7	98
8	98
9	98
10	98
11	98
12	98
13	98
14	98
15	98
16	98
17	98
18	98
19	98
20	98
21	98
22	98
23	98
24	98
25	98
26	98
27	98
28	98
29	98
30	98
31	98
32	98
33	98
34	98
35	98
36	98
37	98
38	98
39	98
40	98
41	98
42	98
43	98
44	98
45	98
46	98
47	98
48	98
49	98
50	98
51	98
52	98
53	98
54	98
55	98
56	98
57	98
58	98
59	98
60	98
61	98
62	98
63	98
64	98
65	98
66	98
67	98
68	98
69	98
70	98
71	98
72	98
73	98
74	98
75	98
76	98
77	98
78	98
79	98
80	98
81	98
82	98
83	98
84	98
85	98
86	98
87	98
88	98
89	98
90	98
91	98
92	98
93	98
94	98
95	98
96	98
97	98
98	98
99	98
100	98
101	98
102	98
103	98
104	98
105	98
106	98
107	98
108	98
109	98
110	98
111	98
112	98
113	98
114	98
115	98
116	98
117	98
118	98
119	98
120	98
121	98
122	98
123	98
124	98
125	98
126	98
127	98
128	98
129	98
130	98
131	98
132	98
133	98
134	98
135	98
136	98
137	98
138	98
139	98
140	98
141	98
142	98
143	98
144	98
145	98
146	98
147	98
148	98
149	98
150	98
151	98
152	98
153	98
154	98
155	98
156	98
157	98
158	98
159	98
160	98
161	98
162	98
163	98
164	98
165	98
166	98
167	98
168	98
169	98
170	98
171	98
172	98
173	98
174	98
175	98
176	98
177	98
178	98
179	98
180	98
181	98
182	98
183	98
184	98
185	98
186	98
187	98
188	98
189	98
190	98
191	98
192	98
193	98
194	98
195	98
196	98
197	98
198	98
199	98
200	98
201	98
202	98
203	98
204	98
205	98
206	98
207	98
208	98
209	98
210	98
211	98
212	98
213	98
214	98
215	98
216	98
217	98
218	98
219	98
220	98
221	98
222	98
223	98
224	98
225	98
226	98
227	98
228	98
229	98
230	98
231	98
232	98
233	98
234	98
235	98
236	98
237	98
238	98
239	98
240	98
241	98
242	98
243	98
244	98
245	98
246	98
247	98
248	98
249	98
250	98
251	98
252	98
253	98
254	98
255	98
256	98
257	98
258	98
259	98
260	98
261	98
262	98
263	98
264	98
265	98
266	98
267	98
268	98
269	98
270	98
271	98
272	98
273	98
274	98
275	98
276	98
277	98
278	98
279	98
280	98
281	98
282	98
283	98
284	98
285	98
286	98
287	98
288	98
289	98
290	98
291	98
292	98
293	98
294	98
295	98
296	98
297	98
298	98
299	98
300	98
301	98
302	98
303	98
304	98
305	98
306	98
307	98
308	98
309	98
310	98
311	98
312	98
313	98
314	98
315	98
316	98
317	98
318	98
319	98
320	98
321	98
322	98
323	98
324	98
325	98
326	98
327	98
328	98
329	98
330	98
331	98
332	98
333	98
334	98
335	98
336	98
337	98
338	98
339	98
340	98
341	98
342	98
343	98
344	98
345	98
346	98
347	98
348	98
349	98
350	98
351	98
352	98
353	98
354	98
355	98
356	98
357	98
358	98
359	98
360	98
361	98
362	98
363	98
364	98
365	98
366	98
367	98
368	98
369	98
370	98
371	98
372	98
373	98
374	98
375	98
376	98
377	98
378	98
379	98
380	98
381	98
382	98
383	98
384	98
385	98
386	98
387	98
388	98
389	98
390	98
391	98
392	98
393	98
394	98
395	98
396	98
397	98
398	98
399	98
400	98
401	98
402	98
403	98
404	98
405	98
406	98
407	98
408	98
409	98
410	98
411	98
412	98
413	98
414	98
415	98
416	98
417	98
418	98
419	98
420	98
421	98
422	98
423	98
424	98
425	98
426	98
427	98
428	98
429	98
430	98
431	98
432	98
433	98
434	98
435	98
436	98
437	98
438	98
439	98
440	98
441	98
442	98
443	98
444	98
445	98
446	98
447	98
448	98
449	98
450	98
451	98
452	98
453	98
454	98
455	98
456	98
457	98
458	98
459	98
460	98
461	98
462	98
463	98
464	98
465	98
466	98
467	98
468	98
469	98
470	98
471	98
472	98
473	98
474	98
475	98
476	98
477	98
478	98
479	98
480	98
481	98
482	98
483	98
484	98
485	98
486	98
487	98
488	98
489	98
490	98
491	98
492	98
493	98
494	98
495	98
496	98
497	98
498	98
499	98
500	98
501	98
502	98
503	98
504	98
505	98
506	98
507	98
508	98
509	98
510	98
511	98
512	98
513	98
514	98
515	98
516	98
517	98
518	98
519	98
520	98
521	98
522	98
523	98
524	98
525	98
526	98
527	98
528	98
529	98
530	98
531	98
532	98
533	98
534	98
535	98
536	98
537	98
538	98
539	98
540	98
541	98
542	98
543	98
544	98
545	98
546	98
547	98
548	98
549	98
550	98
551	98
552	98
553	98
554	98
555	98
556	98
557	98
558	98
559	98
560	98
561	97
562	97
563	97
564	97
565	97
566	97
567	97
568	97
569	97
570	97
571	97
572	97
573	97
574	97
575	97
576	97
577	97
578	97
579	97
580	97
581	97
582	97
583	97
584	97
585	97
586	97
587	97
588	97
589	97
590	97
591	97
592	97
593	97
594	97
595	97
596	97
597	97
598	97
599	97
600	97
601	97
602	97
603	97
604	97
605	97
606	97
607	97
608	97
609	97
610	97
611	97
612	97
613	97
614	97
615	97
616	97
617	97
618	97
619	97
620	97
621	97
622	97
623	97
624	97
625	97
626	97
627	97
628	97
629	97
630	97
631	97
632	97
633	97
634	97
635	97
636	97
637	97
638	97
639	97
640	97
641	97
642	97
643	97
644	97
645	97
646	97
647	97
648	97
649	97
650	97
651	97
652	97
653	97
654	97
655	97
656	97
657	97
658	97
659	97
660	97
661	97
662	97
663	97
664	97
665	97
666	97
667	97
668	97
669	97
670	97
671	97
672	97
673	97
674	97
675	97
676	97
677	97
678	97
679	96
680	96
681	96
682	96
683	96
684	96
685	96
686	96
687	96
688	96
689	96
690	96
691	96
692	96
693	96
694	96
695	96
696	96
697	96
698	96
699	96
700	96
701	96
702	96
703	96
704	96
705	96
706	96
707	96
708	96
709	96
710	96
711	96
712	96
713	96
714	96
715	96
716	96
717	96
718	96
719	96
720	96
721	96
722	96
723	96
724	96
725	96
726	96
727	96
728	96
729	96
730	96
731	96
732	96
733	96
734	96
735	96
736	96
737	96
738	96
739	96
740	96
741	96
742	96
743	96
744	96
745	96
746	96
747	96
748	96
749	96
750	96
751	96
752	96
753	96
754	96
755	96
756	96
757	96
758	96
759	96
760	96
761	96
762	96
763	96
764	96
765	96
766	96
767	96
768	96
769	96
770	96
771	96
772	96
773	96
774	96
775	96
776	96
777	96
778	96
779	96
780	96
781	96
782	96
783	96
784	96
785	96
786	96
787	96
788	96
789	96
790	96
791	96
792	96
793	96
794	96
795	96
796	96
797	96
798	96
799	96
800	96
801	96
802	96
803	96
804	96
805	96
806	96
807	96
808	96
809	96
810	96
811	96
812	96
813	96
814	96
815	96
816	96
817	96
818	96
819	96
820	96
821	96
822	96
823	96
824	96
825	96
826	96
827	96
828	96
829	96
830	96
831	96
832	96
833	96
834	96
835	96
836	96
837	96
838	96
839	96
840	96
841	96
842	96
843	96
844	96
845	96
846	96
847	96
848	96
849	96
850	96
851	96
852	96
853	96
854	96
855	96
856	96
857	96
858	96
859	96
860	95
861	95
862	95
863	95
864	95
865	95
866	95
867	95
868	95
869	95
870	95
871	95
872	95
873	95
874	95
875	95
876	95
877	95
878	95
879	95
880	95
881	95
882	95
883	95
884	95
885	95
886	95
887	95
888	95
889	95
890	95
891	95
892	95
893	95
894	95
895	95
896	95
897	95
898	95
899	95
900	95
901	95
902	95
903	95
904	95
905	95
906	95
907	95
908	95
909	95
910	95
911	95
912	95
913	95
914	95
915	95
916	95
917	95
918	95
919	95
920	95
921	95
922	95
923	95
924	95
925	95
926	95
927	95
928	95
929	95
930	95
931	95
932	95
933	95
934	95
935	95
936	95
937	95
938	95
939	95
940	95
941	95
942	95
943	95
944	95
945	95
946	95
947	95
948	95
949	95
950	95
951	95
952	95
953	95
954	95
955	95
956	95
957	95
958	95
959	95
960	95
961	95
962	95
963	95
964	95
965	95
966	95
967	95
968	95
969	95
970	95
971	95
972	95
973	95
974	95
975	95
976	95
977	95
978	95
979	95
980	95
981	95
982	95
983	95
984	95
985	95
986	95
987	95
988	95
989	95
990	95
991	95
992	95
993	95
994	95
995	95
996	95
997	95
998	95
999	95
1000	95
1001	95
1002	95
1003	95
1004	95
1005	95
1006	95
1007	95
1008	95
1009	95
1010	95
1011	95
1012	95
1013	95
1014	95
1015	95
1016	95
1017	95
1018	95
1019	95
1020	95
1021	95
1022	95
1023	95
1024	95
1025	95
1026	95
1027	95
1028	95
1029	95
1030	95
1031	95
1032	95
1033	95
1034	95
1035	95
1036	95
1037	95
1038	95
1039	95
1040	95
1041	95
1042	95
1043	95
1044	95
1045	95
1046	95
1047	95
1048	95
1049	95
1050	95
1051	95
1052	95
1053	95
1054	95
1055	95
1056	95
1057	95
1058	95
1059	95
1060	95
1061	95
1062	95
1063	94
1064	94
1065	94
1066	94
1067	94
1068	94
1069	94
1070	94
1071	94
1072	94
1073	94
1074	94
1075	94
1076	94
1077	94
1078	94
1079	94
1080	94
1081	94
1082	94
1083	94
1084	94
1085	94
1086	94
1087	94
1088	94
1089	94
1090	94
1091	94
1092	94
1093	94
1094	94
1095	94
1096	94
1097	94
1098	94
1099	94
1100	94
1101	94
1102	94
1103	94
1104	94
1105	94
1106	94
1107	94
1108	94
1109	94
1110	94
1111	94
1112	94
1113	94
1114	94
1115	94
1116	94
1117	94
1118	94
1119	94
1120	94
1121	94
1122	94
1123	94
1124	94
1125	94
1126	94
1127	94
1128	94
1129	94
1130	94
1131	94
1132	94
1133	94
1134	94
1135	94
1136	94
1137	94
1138	94
1139	94
1140	94
1141	94
1142	94
1143	94
1144	94
1145	94
1146	94
1147	94
1148	94
1149	94
1150	94
1151	94
1152	94
1153	94
1154	94
1155	94
1156	94
1157	94
1158	94
1159	94
1160	94
1161	94
1162	94
1163	94
1164	94
1165	94
1166	94
1167	94
1168	94
1169	94
1170	94
1171	94
1172	94
1173	94
1174	94
1175	94
1176	94
1177	94
1178	94
1179	94
1180	94
1181	94
1182	94
1183	94
1184	94
1185	94
1186	94
1187	94
1188	94
1189	94
1190	94
1191	94
1192	94
1193	94
1194	94
1195	94
1196	94
1197	94
1198	94
1199	94
1200	94
1201	93
1202	93
1203	93
1204	93
1205	93
1206	93
1207	93
1208	93
1209	93
1210	93
1211	93
1212	93
1213	93
1214	93
1215	93
1216	93
1217	93
1218	93
1219	93
1220	93
1221	93
1222	93
1223	93
1224	93
1225	93
1226	93
1227	93
1228	93
1229	93
1230	93
1231	93
1232	93
1233	93
1234	93
1235	93
1236	93
1237	93
1238	93
1239	93
1240	93
1241	93
1242	93
1243	93
1244	93
1245	93
1246	93
1247	93
1248	93
1249	93
1250	93
1251	93
1252	93
1253	93
1254	93
1255	92
1256	92
1257	92
1258	92
1259	92
1260	92
1261	92
1262	92
1263	92
1264	92
1265	92
1266	92
1267	92
1268	92
1269	92
1270	92
1271	92
1272	92
1273	92
1274	92
1275	92
1276	92
1277	92
1278	92
1279	92
1280	92
1281	92
1282	92
1283	92
1284	92
1285	92
1286	92
1287	92
1288	92
1289	92
1290	92
1291	92
1292	92
1293	92
1294	92
1295	92
1296	92
1297	92
1298	92
1299	92
1300	92
1301	92
1302	92
1303	92
1304	92
1305	92
1306	92
1307	92
1308	92
1309	92
1310	92
1311	92
1312	92
1313	92
1314	92
1315	92
1316	92
1317	92
1318	92
1319	92
1320	92
1321	92
1322	92
1323	92
1324	92
1325	92
1326	92
1327	92
1328	92
1329	92
1330	92
1331	92
1332	92
1333	92
1334	92
1335	92
1336	92
1337	92
1338	92
1339	92
1340	92
1341	92
1342	92
1343	92
1344	92
1345	92
1346	92
1347	92
1348	92
1349	92
1350	92
1351	92
1352	92
1353	92
1354	92
1355	92
1356	92
1357	92
1358	92
1359	92
1360	92
1361	91
1362	91
1363	91
1364	91
1365	91
1366	91
1367	91
1368	91
1369	91
1370	91
1371	91
1372	91
1373	91
1374	91
1375	91
1376	91
1377	91
1378	91
1379	91
1380	91
1381	91
1382	91
1383	91
1384	91
1385	91
1386	91
1387	91
1388	91
1389	91
1390	91
1391	91
1392	91
1393	91
1394	91
1395	91
1396	91
1397	91
1398	91
1399	91
1400	91
1401	91
1402	91
1403	91
1404	91
1405	91
1406	91
1407	91
1408	91
1409	91
1410	91
1411	91
1412	91
1413	91
1414	91
1415	91
1416	91
1417	91
1418	91
1419	91
1420	91
1421	91
1422	91
1423	91
1424	91
1425	91
1426	91
1427	91
1428	91
1429	91
1430	91
1431	91
1432	91
1433	91
1434	91
1435	91
1436	91
1437	91
1438	91
1439	91
1440	91
1441	91
1442	91
1443	91
1444	91
1445	91
1446	91
1447	91
1448	91
1449	91
1450	91
1451	91
1452	91
1453	91
1454	91
1455	91
1456	91
1457	91
1458	91
1459	91
1460	91
1461	91
1462	91
1463	91
1464	91
1465	91
1466	91
1467	91
1468	91
1469	91
1470	91
1471	91
1472	91
1473	91
1474	91
1475	91
1476	91
1477	91
1478	91
1479	91
1480	91
1481	91
1482	91
1483	91
1484	91
1485	91
1486	91
1487	91
1488	91
1489	90
1490	90
1491	90
1492	90
1493	90
1494	90
1495	90
1496	90
1497	90
1498	90
1499	90
1500	90
1501	90
1502	90
1503	90
1504	90
1505	90
1506	90
1507	90
1508	90
1509	90
1510	90
1511	90
1512	90
1513	90
1514	90
1515	90
1516	90
1517	90
1518	90
1519	90
1520	90
1521	90
1522	90
1523	90
1524	90
1525	90
1526	90
1527	90
1528	90
1529	90
1530	90
1531	90
1532	90
1533	90
1534	90
1535	90
1536	90
1537	90
1538	90
1539	90
1540	90
1541	90
1542	90
1543	90
1544	90
1545	90
1546	90
1547	90
1548	90
1549	90
1550	90
1551	90
1552	90
1553	90
1554	90
1555	90
1556	90
1557	90
1558	90
1559	90
1560	90
1561	90
1562	90
1563	90
1564	90
1565	90
1566	90
1567	90
1568	90
1569	90
1570	90
1571	90
1572	90
1573	90
1574	90
1575	90
1576	90
1577	90
1578	90
1579	90
1580	90
1581	90
1582	90
1583	90
1584	90
1585	90
1586	90
1587	90
1588	90
1589	90
1590	90
1591	90
1592	90
1593	90
1594	90
1595	90
1596	90
1597	90
1598	90
1599	90
1600	90
1601	90
1602	90
1603	90
1604	90
1605	90
1606	90
1607	90
1608	90
1609	90
1610	90
1611	90
1612	90
1613	90
1614	90
1615	90
1616	90
1617	90
1618	90
1619	90
1620	90
1621	90
1622	90
1623	90
1624	90
1625	90
1626	90
1627	90
1628	90
1629	90
1630	90
1631	90
1632	90
1633	90
1634	90
1635	90
1636	90
1637	90
1638	90
1639	89
1640	89
1641	89
1642	89
1643	89
1644	89
1645	89
1646	89
1647	89
1648	89
1649	89
1650	89
1651	89
1652	89
1653	89
1654	89
1655	89
1656	89
1657	89
1658	89
1659	89
1660	89
1661	89
1662	89
1663	89
1664	89
1665	89
1666	89
1667	89
1668	89
1669	89
1670	89
1671	89
1672	89
1673	89
1674	89
1675	89
1676	89
1677	89
1678	89
1679	89
1680	89
1681	89
1682	89
1683	89
1684	89
1685	89
1686	89
1687	89
1688	89
1689	89
1690	89
1691	89
1692	89
1693	89
1694	89
1695	89
1696	89
1697	89
1698	89
1699	89
1700	89
1701	89
1702	89
1703	89
1704	89
1705	89
1706	89
1707	89
1708	89
1709	89
1710	89
1711	89
1712	89
1713	89
1714	89
1715	89
1716	89
1717	89
1718	89
1719	89
1720	89
1721	89
1722	89
1723	89
1724	89
1725	89
1726	89
1727	89
1728	89
1729	89
1730	89
1731	89
1732	89
1733	89
1734	89
1735	89
1736	89
1737	89
1738	89
1739	89
1740	89
1741	89
1742	89
1743	89
1744	89
1745	89
1746	90
1747	90
1748	90
1749	90
1750	90
1751	90
1752	90
1753	90
1754	90
1755	90
1756	90
1757	90
1758	90
1759	90
1760	90
1761	90
1762	90
1763	90
1764	90
1765	90
1766	90
1767	90
1768	90
1769	90
1770	90
1771	90
1772	90
1773	90
1774	90
1775	90
1776	90
1777	90
1778	91
1779	91
1780	91
1781	91
1782	91
1783	91
1784	91
1785	91
1786	91
1787	91
1788	91
1789	91
1790	91
1791	91
1792	91
1793	91
1794	91
1795	91
1796	91
1797	91
1798	91
1799	91
1800	91
