1	97
2	97
3	97
4	97
5	97
6	97
7	97
8	97
9	97
10	97
11	97
12	97
13	97
14	97
15	97
16	97
17	97
18	97
19	97
20	97
21	97
22	97
23	97
24	97
25	97
26	97
27	97
28	97
29	97
30	97
31	97
32	97
33	97
34	97
35	97
36	97
37	97
38	97
39	97
40	97
41	97
42	97
43	97
44	97
45	97
46	97
47	97
48	97
49	97
50	97
51	97
52	97
53	97
54	97
55	97
56	97
57	97
58	97
59	97
60	97
61	97
62	97
63	97
64	97
65	97
66	97
67	97
68	97
69	97
70	97
71	97
72	97
73	97
74	97
75	97
76	97
77	97
78	97
79	97
80	97
81	97
82	97
83	97
84	97
85	97
86	97
87	97
88	97
89	97
90	97
91	97
92	97
93	97
94	97
95	97
96	97
97	97
98	97
99	97
100	97
101	97
102	97
103	97
104	97
105	97
106	97
107	97
108	97
109	97
110	97
111	97
112	97
113	97
114	97
115	97
116	97
117	97
118	97
119	97
120	97
121	97
122	97
123	97
124	97
125	97
126	97
127	97
128	97
129	97
130	97
131	97
132	97
133	97
134	97
135	97
136	97
137	97
138	97
139	97
140	97
141	97
142	97
143	97
144	97
145	97
146	97
147	97
148	97
149	97
150	97
151	97
152	97
153	97
154	97
155	97
156	97
157	97
158	97
159	97
160	97
161	97
162	97
163	97
164	97
165	97
166	97
167	97
168	97
169	97
170	97
171	97
172	97
173	97
174	97
175	97
176	97
177	97
178	97
179	97
180	97
181	97
182	97
183	97
184	97
185	97
186	97
187	97
188	97
189	97
190	97
191	97
192	97
193	97
194	97
195	97
196	97
197	97
198	97
199	97
200	97
201	97
202	97
203	97
204	97
205	97
206	97
207	97
208	97
209	97
210	97
211	97
212	97
213	97
214	97
215	97
216	97
217	97
218	97
219	97
220	97
221	97
222	97
223	97
224	97
225	97
226	97
227	97
228	97
229	97
230	97
231	97
232	97
233	97
234	97
235	97
236	97
237	97
238	97
239	97
240	97
241	97
242	97
243	97
244	97
245	97
246	97
247	97
248	97
249	97
250	97
251	97
252	97
253	97
254	97
255	97
256	97
257	97
258	97
259	97
260	97
261	97
262	97
263	97
264	97
265	97
266	97
267	97
268	97
269	97
270	97
271	97
272	97
273	97
274	97
275	97
276	97
277	97
278	97
279	97
280	97
281	97
282	97
283	97
284	97
285	97
286	97
287	97
288	97
289	97
290	97
291	97
292	97
293	97
294	97
295	97
296	97
297	97
298	97
299	97
300	97
301	97
302	97
303	97
304	97
305	97
306	97
307	97
308	97
309	97
310	97
311	97
312	97
313	97
314	97
315	97
316	97
317	97
318	97
319	97
320	97
321	97
322	97
323	97
324	97
325	97
326	97
327	97
328	97
329	97
330	97
331	97
332	97
333	97
334	97
335	97
336	97
337	97
338	97
339	97
340	97
341	97
342	97
343	97
344	97
345	97
346	97
347	97
348	97
349	97
350	97
351	97
352	97
353	97
354	97
355	97
356	97
357	97
358	97
359	97
360	97
361	97
362	97
363	97
364	97
365	97
366	97
367	97
368	97
369	97
370	97
371	97
372	97
373	97
374	97
375	97
376	97
377	97
378	97
379	97
380	97
381	97
382	97
383	97
384	97
385	97
386	97
387	97
388	97
389	97
390	97
391	97
392	97
393	97
394	97
395	97
396	97
397	97
398	97
399	97
400	97
401	97
402	97
403	97
404	97
405	97
406	97
407	97
408	97
409	97
410	97
411	97
412	97
413	97
414	97
415	97
416	97
417	97
418	97
419	97
420	97
421	97
422	97
423	97
424	97
425	97
426	97
427	97
428	97
429	97
430	97
431	97
432	97
433	97
434	97
435	97
436	97
437	97
438	97
439	97
440	97
441	97
442	97
443	97
444	97
445	97
446	97
447	97
448	97
449	97
450	97
451	97
452	97
453	97
454	97
455	97
456	97
457	97
458	97
459	97
460	97
461	97
462	97
463	97
464	97
465	97
466	97
467	97
468	97
469	97
470	97
471	97
472	97
473	97
474	97
475	97
476	97
477	97
478	97
479	97
480	97
481	97
482	97
483	97
484	97
485	97
486	97
487	97
488	97
489	97
490	97
491	97
492	97
493	97
494	97
495	97
496	97
497	97
498	97
499	97
500	97
501	97
502	97
503	97
504	97
505	97
506	97
507	97
508	97
509	97
510	97
511	97
512	97
513	97
514	97
515	97
516	97
517	97
518	97
519	97
520	97
521	97
522	97
523	97
524	97
525	97
526	97
527	97
528	97
529	97
530	97
531	97
532	97
533	97
534	97
535	97
536	97
537	97
538	97
539	97
540	97
541	97
542	97
543	97
544	97
545	97
546	97
547	97
548	97
549	97
550	97
551	97
552	97
553	97
554	97
555	97
556	97
557	97
558	97
559	97
560	97
561	97
562	97
563	97
564	97
565	97
566	97
567	97
568	97
569	97
570	97
571	97
572	97
573	97
574	97
575	97
576	97
577	97
578	97
579	97
580	97
581	97
582	97
583	97
584	97
585	97
586	97
587	97
588	97
589	97
590	97
591	97
592	97
593	97
594	97
595	97
596	97
597	97
598	97
599	97
600	97
601	97
602	97
603	97
604	97
605	97
606	97
607	97
608	97
609	97
610	97
611	97
612	97
613	97
614	97
615	97
616	97
617	97
618	97
619	97
620	97
621	97
622	97
623	97
624	97
625	97
626	97
627	97
628	97
629	97
630	97
631	97
632	97
633	97
634	97
635	97
636	97
637	97
638	97
639	97
640	97
641	97
642	97
643	97
644	97
645	97
646	97
647	97
648	97
649	97
650	97
651	97
652	97
653	97
654	97
655	97
656	97
657	97
658	97
659	97
660	97
661	97
662	97
663	97
664	97
665	97
666	97
667	97
668	97
669	97
670	97
671	97
672	97
673	97
674	97
675	97
676	97
677	97
678	97
679	97
680	97
681	97
682	97
683	97
684	97
685	97
686	97
687	97
688	97
689	97
690	97
691	97
692	97
693	97
694	97
695	97
696	97
697	97
698	97
699	97
700	97
701	97
702	97
703	97
704	97
705	97
706	97
707	97
708	97
709	97
710	96
711	96
712	96
713	96
714	96
715	96
716	96
717	96
718	96
719	96
720	96
721	96
722	96
723	96
724	96
725	96
726	96
727	96
728	96
729	96
730	96
731	96
732	96
733	96
734	96
735	96
736	96
737	96
738	96
739	96
740	96
741	96
742	96
743	96
744	96
745	96
746	96
747	96
748	96
749	96
750	96
751	96
752	96
753	96
754	96
755	96
756	96
757	96
758	96
759	96
760	96
761	96
762	96
763	96
764	96
765	96
766	96
767	96
768	96
769	96
770	96
771	96
772	96
773	96
774	96
775	96
776	96
777	96
778	96
779	96
780	96
781	96
782	96
783	96
784	96
785	96
786	96
787	96
788	96
789	96
790	96
791	96
792	96
793	96
794	96
795	96
796	96
797	96
798	96
799	96
800	96
801	96
802	96
803	96
804	96
805	96
806	96
807	96
808	96
809	96
810	96
811	96
812	96
813	96
814	96
815	96
816	96
817	96
818	96
819	96
820	96
821	96
822	96
823	96
824	96
825	96
826	96
827	95
828	95
829	95
830	95
831	95
832	95
833	95
834	95
835	95
836	95
837	95
838	95
839	95
840	95
841	95
842	95
843	95
844	95
845	95
846	95
847	95
848	95
849	95
850	95
851	95
852	95
853	95
854	95
855	95
856	95
857	95
858	95
859	95
860	95
861	95
862	95
863	95
864	95
865	95
866	95
867	95
868	95
869	95
870	95
871	95
872	95
873	95
874	95
875	95
876	95
877	95
878	95
879	95
880	95
881	95
882	95
883	95
884	95
885	95
886	95
887	95
888	95
889	95
890	95
891	95
892	95
893	95
894	95
895	95
896	95
897	95
898	95
899	95
900	95
901	95
902	95
903	95
904	95
905	95
906	95
907	95
908	95
909	95
910	95
911	95
912	95
913	95
914	95
915	95
916	95
917	95
918	95
919	95
920	95
921	95
922	95
923	95
924	95
925	95
926	95
927	95
928	95
929	95
930	95
931	95
932	95
933	95
934	95
935	95
936	95
937	95
938	95
939	95
940	95
941	95
942	95
943	95
944	95
945	95
946	95
947	95
948	95
949	95
950	95
951	95
952	95
953	95
954	95
955	95
956	95
957	95
958	95
959	95
960	95
961	95
962	95
963	95
964	95
965	95
966	94
967	94
968	94
969	94
970	94
971	94
972	94
973	94
974	94
975	94
976	94
977	94
978	94
979	94
980	94
981	94
982	94
983	94
984	94
985	94
986	94
987	94
988	94
989	94
990	94
991	94
992	94
993	94
994	94
995	94
996	94
997	94
998	94
999	94
1000	94
1001	94
1002	94
1003	94
1004	94
1005	94
1006	94
1007	94
1008	94
1009	94
1010	94
1011	94
1012	94
1013	94
1014	94
1015	94
1016	94
1017	94
1018	94
1019	94
1020	94
1021	94
1022	94
1023	94
1024	94
1025	94
1026	94
1027	94
1028	94
1029	94
1030	94
1031	94
1032	94
1033	94
1034	94
1035	94
1036	94
1037	94
1038	94
1039	94
1040	94
1041	94
1042	94
1043	94
1044	94
1045	94
1046	94
1047	94
1048	94
1049	94
1050	94
1051	94
1052	94
1053	94
1054	94
1055	94
1056	94
1057	94
1058	94
1059	94
1060	94
1061	94
1062	94
1063	94
1064	94
1065	94
1066	94
1067	94
1068	94
1069	94
1070	94
1071	94
1072	94
1073	94
1074	94
1075	94
1076	94
1077	94
1078	94
1079	94
1080	94
1081	94
1082	94
1083	94
1084	94
1085	94
1086	94
1087	94
1088	94
1089	94
1090	94
1091	94
1092	94
1093	94
1094	94
1095	94
1096	94
1097	94
1098	94
1099	94
1100	94
1101	94
1102	94
1103	94
1104	94
1105	94
1106	94
1107	94
1108	94
1109	94
1110	94
1111	94
1112	94
1113	94
1114	94
1115	94
1116	95
1117	95
1118	95
1119	95
1120	95
1121	95
1122	95
1123	95
1124	95
1125	95
1126	95
1127	95
1128	95
1129	95
1130	95
1131	95
1132	95
1133	95
1134	95
1135	95
1136	95
1137	95
1138	95
1139	95
1140	95
1141	95
1142	95
1143	95
1144	95
1145	95
1146	95
1147	95
1148	95
1149	95
1150	95
1151	95
1152	95
1153	95
1154	95
1155	95
1156	95
1157	95
1158	95
1159	95
1160	95
1161	95
1162	95
1163	95
1164	95
1165	95
1166	95
1167	95
1168	95
1169	95
1170	95
1171	95
1172	95
1173	95
1174	95
1175	95
1176	95
1177	95
1178	95
1179	95
1180	95
1181	95
1182	95
1183	95
1184	95
1185	95
1186	95
1187	95
1188	95
1189	95
1190	95
1191	95
1192	95
1193	95
1194	95
1195	95
1196	95
1197	95
1198	95
1199	95
1200	95
1201	95
1202	95
1203	95
1204	95
1205	95
1206	95
1207	95
1208	95
1209	95
1210	95
1211	95
1212	95
1213	95
1214	95
1215	95
1216	95
1217	95
1218	95
1219	95
1220	95
1221	95
1222	95
1223	95
1224	95
1225	95
1226	95
1227	95
1228	95
1229	95
1230	95
1231	95
1232	95
1233	95
1234	95
1235	95
1236	95
1237	95
1238	95
1239	95
1240	95
1241	95
1242	95
1243	95
1244	95
1245	95
1246	95
1247	95
1248	95
1249	95
1250	95
1251	95
1252	95
1253	95
1254	95
1255	95
1256	95
1257	95
1258	95
1259	95
1260	95
1261	95
1262	95
1263	95
1264	95
1265	95
1266	95
1267	95
1268	95
1269	95
1270	95
1271	95
1272	95
1273	95
1274	95
1275	94
1276	94
1277	94
1278	94
1279	94
1280	94
1281	94
1282	94
1283	94
1284	94
1285	94
1286	94
1287	94
1288	94
1289	94
1290	94
1291	94
1292	94
1293	94
1294	94
1295	94
1296	94
1297	94
1298	94
1299	94
1300	94
1301	94
1302	94
1303	94
1304	94
1305	94
1306	94
1307	94
1308	94
1309	94
1310	94
1311	94
1312	94
1313	94
1314	94
1315	94
1316	94
1317	94
1318	94
1319	94
1320	94
1321	94
1322	94
1323	94
1324	94
1325	94
1326	94
1327	94
1328	94
1329	94
1330	94
1331	94
1332	94
1333	94
1334	94
1335	94
1336	94
1337	94
1338	94
1339	94
1340	94
1341	94
1342	94
1343	94
1344	94
1345	94
1346	94
1347	94
1348	94
1349	94
1350	94
1351	94
1352	94
1353	94
1354	94
1355	94
1356	94
1357	94
1358	94
1359	94
1360	94
1361	94
1362	94
1363	94
1364	94
1365	94
1366	94
1367	94
1368	94
1369	94
1370	94
1371	94
1372	94
1373	94
1374	94
1375	94
1376	94
1377	94
1378	94
1379	94
1380	94
1381	94
1382	94
1383	94
1384	94
1385	94
1386	94
1387	94
1388	94
1389	94
1390	94
1391	94
1392	94
1393	94
1394	94
1395	94
1396	94
1397	94
1398	94
1399	94
1400	94
1401	94
1402	94
1403	94
1404	94
1405	94
1406	94
1407	94
1408	94
1409	94
1410	94
1411	94
1412	94
1413	94
1414	94
1415	94
1416	94
1417	94
1418	94
1419	94
1420	94
1421	94
1422	94
1423	94
1424	94
1425	94
1426	94
1427	94
1428	94
1429	94
1430	94
1431	94
1432	94
1433	94
1434	94
1435	94
1436	94
1437	94
1438	94
1439	94
1440	94
1441	94
1442	94
1443	94
1444	94
1445	94
1446	94
1447	94
1448	94
1449	94
1450	94
1451	94
1452	94
1453	94
1454	94
1455	94
1456	94
1457	94
1458	94
1459	94
1460	94
1461	94
1462	94
1463	94
1464	94
1465	94
1466	94
1467	94
1468	95
1469	95
1470	95
1471	95
1472	95
1473	95
1474	95
1475	95
1476	95
1477	95
1478	95
1479	95
1480	95
1481	95
1482	95
1483	95
1484	95
1485	95
1486	95
1487	95
1488	95
1489	95
1490	95
1491	95
1492	95
1493	95
1494	95
1495	95
1496	95
1497	95
1498	95
1499	95
1500	95
1501	95
1502	95
1503	95
1504	95
1505	95
1506	95
1507	95
1508	95
1509	95
1510	95
1511	95
1512	95
1513	95
1514	95
1515	95
1516	95
1517	95
1518	95
1519	95
1520	95
1521	95
1522	95
1523	95
1524	95
1525	95
1526	95
1527	95
1528	95
1529	95
1530	95
1531	95
1532	95
1533	95
1534	95
1535	95
1536	95
1537	95
1538	95
1539	95
1540	95
1541	95
1542	96
1543	96
1544	96
1545	96
1546	96
1547	96
1548	96
1549	96
1550	96
1551	96
1552	96
1553	96
1554	96
1555	96
1556	96
1557	96
1558	96
1559	96
1560	96
1561	96
1562	96
1563	96
1564	96
1565	96
1566	96
1567	96
1568	96
1569	96
1570	96
1571	96
1572	96
1573	96
1574	96
1575	96
1576	96
1577	96
1578	96
1579	96
1580	96
1581	96
1582	96
1583	96
1584	96
1585	96
1586	96
1587	96
1588	96
1589	96
1590	96
1591	96
1592	96
1593	96
1594	96
1595	96
1596	96
1597	96
1598	96
1599	96
1600	96
1601	96
1602	96
1603	96
1604	96
1605	96
1606	96
1607	96
1608	96
1609	96
1610	96
1611	96
1612	96
1613	96
1614	96
1615	96
1616	96
1617	96
1618	96
1619	96
1620	96
1621	96
1622	96
1623	96
1624	96
1625	96
1626	96
1627	96
1628	97
1629	97
1630	97
1631	97
1632	97
1633	97
1634	97
1635	97
1636	97
1637	97
1638	97
1639	97
1640	97
1641	97
1642	97
1643	97
1644	97
1645	97
1646	97
1647	97
1648	97
1649	97
1650	97
1651	97
1652	97
1653	97
1654	97
1655	97
1656	97
1657	97
1658	97
1659	97
1660	97
1661	97
1662	97
1663	97
1664	97
1665	97
1666	97
1667	97
1668	97
1669	97
1670	97
1671	97
1672	97
1673	97
1674	97
1675	97
1676	97
1677	97
1678	97
1679	97
1680	97
1681	97
1682	97
1683	97
1684	97
1685	97
1686	97
1687	97
1688	97
1689	97
1690	97
1691	97
1692	97
1693	97
1694	97
1695	97
1696	97
1697	97
1698	97
1699	97
1700	97
1701	97
1702	97
1703	97
1704	97
1705	97
1706	97
1707	97
1708	97
1709	97
1710	97
1711	97
1712	97
1713	97
1714	97
1715	97
1716	97
1717	97
1718	97
1719	97
1720	97
1721	97
1722	97
1723	97
1724	98
1725	98
1726	98
1727	98
1728	98
1729	98
1730	98
1731	98
1732	98
1733	98
1734	98
1735	98
1736	98
1737	98
1738	98
1739	98
1740	98
1741	98
1742	98
1743	98
1744	98
1745	98
1746	98
1747	98
1748	98
1749	98
1750	98
1751	98
1752	98
1753	98
1754	98
1755	98
1756	98
1757	98
1758	98
1759	98
1760	98
1761	98
1762	98
1763	98
1764	98
1765	98
1766	98
1767	98
1768	98
1769	98
1770	98
1771	98
1772	98
1773	98
1774	98
1775	98
1776	98
1777	98
1778	98
1779	98
1780	98
1781	98
1782	98
1783	98
1784	98
1785	98
1786	98
1787	98
1788	98
1789	98
1790	98
1791	98
1792	98
1793	98
1794	98
1795	98
1796	98
1797	98
1798	98
1799	98
1800	98
