4033	71.000			
4034	70.000			
4035	70.000			
4036	67.000			
4037	63.000			
4038	63.000			
4039	59.000			
4040	59.000			
4041	56.000			
4042	56.000			
4043	53.000			
4044	52.000			
4045	52.000			
4046	52.000			
4047	52.000			
4048	52.000			
4049	53.000			
4050	53.000			
4051	54.000			
4052	54.000			
4053	55.000			
4054	55.000			
4055	56.000			
4056	57.000			
4057	57.000			
4058	60.000			
4059	60.000			
4060	64.000			
4061	72.000			
4062	72.000			
4063	83.000			
4064	83.000			
4065	97.000			
4066	113.000			
4067	113.000			
4068	128.000			
4069	128.000			
4070	141.000			
4071	141.000			
4072	151.000			
4073	156.000			
4074	156.000			
4075	157.000			
4076	157.000			
4077	155.000			
4078	151.000			
4079	151.000			
4080	145.000			
4081	145.000			
4082	139.000			
4083	139.000			
4084	133.000			
4085	128.000			
4086	128.000			
4087	123.000			
4088	123.000			
4089	117.000			
4090	111.000			
4091	111.000			
4092	104.000			
4093	104.000			
4094	96.000			
4095	96.000			
4096	89.000			
4097	84.000			
4098	84.000			
4099	80.000			
4100	80.000			
4101	79.000			
4102	80.000			
4103	80.000			
4104	82.000			
4105	82.000			
4106	85.000			
4107	88.000			
4108	88.000			
4109	90.000			
4110	90.000			
4111	91.000			
4112	91.000			
4113	92.000			
4114	91.000			
4115	91.000			
4116	89.000			
4117	89.000			
4118	87.000			
4119	85.000			
4120	85.000			
4121	82.000			
4122	82.000			
4123	79.000			
4124	79.000			
4125	76.000			
4126	74.000			
4127	74.000			
4128	72.000			
4129	72.000			
4130	71.000			
4131	70.000			
4132	70.000			
4133	69.000			
4134	69.000			
4135	69.000			
4136	68.000			
4137	68.000			
4138	67.000			
4139	67.000			
4140	65.000			
4141	65.000			
4142	64.000			
4143	62.000			
4144	62.000			
4145	61.000			
4146	61.000			
4147	61.000			
4148	61.000			
4149	61.000			
4150	62.000			
4151	62.000			
4152	64.000			
4153	64.000			
4154	67.000			
4155	73.000			
4156	73.000			
4157	81.000			
4158	81.000			
4159	93.000			
4160	107.000			
4161	107.000			
4162	123.000			
4163	123.000			
4164	138.000			
4165	151.000			
4166	151.000			
4167	160.000			
4168	160.000			
4169	164.000			
4170	164.000			
4171	165.000			
4172	162.000			
4173	162.000			
4174	156.000			
4175	156.000			
4176	150.000			
4177	142.000			
4178	142.000			
4179	136.000			
4180	136.000			
4181	129.000			
4182	129.000			
4183	123.000			
4184	117.000			
4185	117.000			
4186	111.000			
4187	111.000			
4188	106.000			
4189	101.000			
4190	101.000			
4191	98.000			
4192	98.000			
4193	97.000			
4194	96.000			
4195	96.000			
4196	96.000			
4197	96.000			
4198	97.000			
4199	97.000			
4200	97.000			
4201	97.000			
4202	97.000			
4203	96.000			
4204	96.000			
4205	96.000			
4206	95.000			
4207	95.000			
4208	95.000			
4209	95.000			
4210	94.000			
4211	94.000			
4212	93.000			
4213	91.000			
4214	91.000			
4215	88.000			
4216	88.000			
4217	84.000			
4218	81.000			
4219	81.000			
4220	79.000			
4221	79.000			
4222	77.000			
4223	76.000			
4224	76.000			
4225	75.000			
4226	75.000			
4227	74.000			
4228	74.000			
4229	73.000			
4230	71.000			
4231	71.000			
4232	70.000			
4233	70.000			
4234	69.000			
4235	69.000			
4236	69.000			
4237	68.000			
4238	68.000			
4239	68.000			
4240	68.000			
4241	68.000			
4242	69.000			
4243	69.000			
4244	70.000			
4245	70.000			
4246	71.000			
4247	73.000			
4248	73.000			
4249	75.000			
4250	75.000			
4251	79.000			
4252	79.000			
4253	84.000			
4254	93.000			
4255	93.000			
4256	105.000			
4257	105.000			
4258	120.000			
4259	135.000			
4260	135.000			
4261	150.000			
4262	150.000			
4263	160.000			
4264	166.000			
4265	166.000			
4266	168.000			
4267	168.000			
4268	165.000			
4269	165.000			
4270	161.000			
4271	155.000			
4272	155.000			
4273	149.000			
4274	149.000			
4275	143.000			
4276	137.000			
4277	137.000			
4278	131.000			
4279	131.000			
4280	124.000			
4281	124.000			
4282	118.000			
4283	111.000			
4284	111.000			
4285	105.000			
4286	105.000			
4287	101.000			
4288	98.000			
4289	98.000			
4290	96.000			
4291	96.000			
4292	95.000			
4293	95.000			
4294	95.000			
4295	96.000			
4296	96.000			
4297	96.000			
4298	96.000			
4299	97.000			
4300	98.000			
4301	98.000			
4302	99.000			
4303	99.000			
4304	99.000			
4305	98.000			
4306	98.000			
4307	97.000			
4308	97.000			
4309	96.000			
4310	96.000			
4311	94.000			
4312	92.000			
4313	92.000			
4314	90.000			
4315	90.000			
4316	88.000			
4317	85.000			
4318	85.000			
4319	83.000			
4320	83.000			
4321	81.000			
4322	80.000			
4323	80.000			
4324	79.000			
4325	79.000			
4326	78.000			
4327	78.000			
4328	77.000			
4329	76.000			
4330	76.000			
4331	75.000			
4332	75.000			
4333	74.000			
4334	74.000			
4335	74.000			
4336	73.000			
4337	73.000			
4338	73.000			
4339	73.000			
4340	73.000			
4341	73.000			
4342	73.000			
4343	73.000			
4344	73.000			
4345	75.000			
4346	77.000			
4347	77.000			
4348	83.000			
4349	83.000			
4350	91.000			
4351	103.000			
4352	103.000			
4353	117.000			
4354	117.000			
4355	133.000			
4356	133.000			
4357	147.000			
4358	160.000			
4359	160.000			
4360	168.000			
4361	168.000			
4362	171.000			
4363	170.000			
4364	170.000			
4365	166.000			
4366	166.000			
4367	161.000			
4368	161.000			
4369	154.000			
4370	147.000			
4371	147.000			
4372	140.000			
4373	140.000			
4374	133.000			
4375	126.000			
4376	126.000			
4377	120.000			
4378	120.000			
4379	115.000			
4380	115.000			
4381	109.000			
4382	104.000			
4383	104.000			
4384	100.000			
4385	100.000			
4386	97.000			
4387	94.000			
4388	94.000			
4389	93.000			
4390	93.000			
4391	93.000			
4392	94.000			
4393	94.000			
4394	95.000			
4395	95.000			
4396	95.000			
4397	95.000			
4398	96.000			
4399	96.000			
4400	96.000			
4401	95.000			
4402	95.000			
4403	94.000			
4404	92.000			
4405	92.000			
4406	90.000			
4407	90.000			
4408	88.000			
4409	88.000			
4410	85.000			
4411	82.000			
4412	82.000			
4413	80.000			
4414	80.000			
4415	78.000			
4416	77.000			
4417	77.000			
4418	76.000			
4419	76.000			
4420	75.000			
4421	74.000			
4422	74.000			
4423	73.000			
4424	73.000			
4425	71.000			
4426	71.000			
4427	69.000			
4428	67.000			
4429	67.000			
4430	65.000			
4431	65.000			
4432	63.000			
4433	62.000			
4434	62.000			
4435	62.000			
4436	62.000			
4437	63.000			
4438	63.000			
4439	65.000			
4440	67.000			
4441	67.000			
4442	69.000			
4443	69.000			
4444	73.000			
4445	78.000			
4446	78.000			
4447	85.000			
4448	85.000			
4449	96.000			
4450	109.000			
4451	109.000			
4452	125.000			
4453	125.000			
4454	139.000			
4455	139.000			
4456	151.000			
4457	159.000			
4458	159.000			
4459	162.000			
4460	162.000			
4461	161.000			
4462	157.000			
4463	157.000			
4464	151.000			
4465	151.000			
4466	146.000			
4467	146.000			
4468	140.000			
4469	134.000			
4470	134.000			
4471	128.000			
4472	128.000			
4473	122.000			
4474	115.000			
4475	115.000			
4476	109.000			
4477	109.000			
4478	103.000			
4479	98.000			
4480	98.000			
4481	94.000			
4482	94.000			
4483	91.000			
4484	91.000			
4485	90.000			
4486	90.000			
4487	90.000			
4488	91.000			
4489	91.000			
4490	93.000			
4491	95.000			
4492	95.000			
4493	96.000			
4494	96.000			
4495	96.000			
4496	96.000			
4497	95.000			
4498	93.000			
4499	93.000			
4500	92.000			
4501	92.000			
4502	91.000			
4503	90.000			
4504	90.000			
4505	89.000			
4506	89.000			
4507	88.000			
4508	88.000			
4509	86.000			
4510	84.000			
4511	84.000			
4512	81.000			
4513	81.000			
4514	78.000			
4515	76.000			
4516	76.000			
4517	74.000			
4518	74.000			
4519	72.000			
4520	71.000			
4521	71.000			
4522	70.000			
4523	70.000			
4524	70.000			
4525	70.000			
4526	69.000			
4527	68.000			
4528	68.000			
4529	67.000			
4530	67.000			
4531	66.000			
4532	65.000			
4533	65.000			
4534	66.000			
4535	66.000			
4536	68.000			
4537	68.000			
4538	72.000			
4539	76.000			
4540	76.000			
4541	82.000			
4542	82.000			
4543	90.000			
4544	101.000			
4545	101.000			
4546	114.000			
4547	114.000			
4548	128.000			
4549	143.000			
4550	143.000			
4551	156.000			
4552	156.000			
4553	164.000			
4554	164.000			
4555	169.000			
4556	170.000			
4557	170.000			
4558	167.000			
4559	167.000			
4560	162.000			
4561	156.000			
4562	156.000			
4563	150.000			
4564	150.000			
4565	144.000			
4566	144.000			
4567	138.000			
4568	131.000			
4569	131.000			
4570	125.000			
4571	125.000			
4572	119.000			
4573	113.000			
4574	113.000			
4575	107.000			
4576	107.000			
4577	102.000			
4578	98.000			
4579	98.000			
4580	96.000			
4581	96.000			
4582	94.000			
4583	94.000			
4584	94.000			
4585	95.000			
4586	95.000			
4587	96.000			
4588	96.000			
4589	97.000			
4590	97.000			
4591	97.000			
4592	96.000			
4593	96.000			
4594	95.000			
4595	95.000			
4596	94.000			
4597	92.000			
4598	92.000			
4599	90.000			
4600	90.000			
4601	88.000			
4602	86.000			
4603	86.000			
4604	84.000			
4605	84.000			
4606	82.000			
4607	80.000			
4608	80.000			
4609	78.000			
4610	78.000			
4611	77.000			
4612	77.000			
4613	76.000			
4614	74.000			
4615	74.000			
4616	73.000			
4617	73.000			
4618	71.000			
4619	69.000			
4620	69.000			
4621	67.000			
4622	67.000			
4623	66.000			
4624	66.000			
4625	65.000			
4626	65.000			
4627	65.000			
4628	66.000			
4629	66.000			
4630	67.000			
4631	68.000			
4632	68.000			
4633	70.000			
4634	70.000			
4635	73.000			
4636	78.000			
4637	78.000			
4638	86.000			
4639	86.000			
4640	97.000			
4641	97.000			
4642	111.000			
4643	126.000			
4644	126.000			
4645	140.000			
4646	140.000			
4647	152.000			
4648	161.000			
4649	161.000			
4650	165.000			
4651	165.000			
4652	166.000			
4653	166.000			
4654	164.000			
4655	160.000			
4656	160.000			
4657	155.000			
4658	155.000			
4659	150.000			
4660	144.000			
4661	144.000			
4662	139.000			
4663	139.000			
4664	133.000			
4665	133.000			
4666	127.000			
4667	122.000			
4668	122.000			
4669	116.000			
4670	116.000			
4671	111.000			
4672	107.000			
4673	107.000			
4674	103.000			
4675	103.000			
4676	101.000			
4677	100.000			
4678	100.000			
4679	100.000			
4680	100.000			
4681	101.000			
4682	101.000			
4683	102.000			
4684	103.000			
4685	103.000			
4686	103.000			
4687	103.000			
4688	102.000			
4689	100.000			
4690	100.000			
4691	97.000			
4692	97.000			
4693	94.000			
4694	94.000			
4695	91.000			
4696	88.000			
4697	88.000			
4698	87.000			
4699	87.000			
4700	85.000			
4701	84.000			
4702	84.000			
4703	83.000			
4704	83.000			
4705	81.000			
4706	80.000			
4707	80.000			
4708	77.000			
4709	77.000			
4710	75.000			
4711	75.000			
4712	73.000			
4713	71.000			
4714	71.000			
4715	69.000			
4716	69.000			
4717	68.000			
4718	67.000			
4719	67.000			
4720	67.000			
4721	67.000			
4722	67.000			
4723	67.000			
4724	67.000			
4725	67.000			
4726	67.000			
4727	68.000			
4728	68.000			
4729	70.000			
4730	73.000			
4731	73.000			
4732	78.000			
4733	78.000			
4734	86.000			
4735	98.000			
4736	98.000			
4737	111.000			
4738	111.000			
4739	126.000			
4740	126.000			
4741	141.000			
4742	153.000			
4743	153.000			
4744	162.000			
4745	162.000			
4746	167.000			
4747	168.000			
4748	168.000			
4749	167.000			
4750	167.000			
4751	164.000			
4752	164.000			
4753	160.000			
4754	155.000			
4755	155.000			
4756	149.000			
4757	149.000			
4758	143.000			
4759	137.000			
4760	137.000			
4761	130.000			
4762	130.000			
4763	123.000			
4764	117.000			
4765	117.000			
4766	112.000			
4767	112.000			
4768	108.000			
4769	108.000			
4770	105.000			
4771	103.000			
4772	103.000			
4773	102.000			
4774	102.000			
4775	100.000			
4776	100.000			
4777	100.000			
4778	100.000			
4779	100.000			
4780	100.000			
4781	100.000			
4782	100.000			
4783	99.000			
4784	99.000			
4785	99.000			
4786	99.000			
4787	98.000			
4788	96.000			
4789	96.000			
4790	94.000			
4791	94.000			
4792	91.000			
4793	91.000			
4794	89.000			
4795	86.000			
4796	86.000			
4797	83.000			
4798	83.000			
4799	81.000			
4800	78.000			
4801	78.000			
4802	76.000			
4803	76.000			
4804	74.000			
4805	72.000			
4806	72.000			
4807	71.000			
4808	71.000			
4809	70.000			
4810	70.000			
4811	69.000			
4812	67.000			
4813	67.000			
4814	66.000			
4815	66.000			
4816	65.000			
4817	63.000			
4818	63.000			
4819	62.000			
4820	62.000			
4821	62.000			
4822	62.000			
4823	64.000			
4824	66.000			
4825	66.000			
4826	70.000			
4827	70.000			
4828	76.000			
4829	83.000			
4830	83.000			
4831	93.000			
4832	93.000			
4833	105.000			
4834	119.000			
4835	119.000			
4836	133.000			
4837	133.000			
4838	147.000			
4839	147.000			
4840	158.000			
4841	165.000			
4842	165.000			
4843	168.000			
4844	168.000			
4845	167.000			
4846	164.000			
4847	164.000			
4848	159.000			
4849	159.000			
4850	154.000			
4851	154.000			
4852	148.000			
4853	142.000			
4854	142.000			
4855	136.000			
4856	136.000			
4857	131.000			
4858	126.000			
4859	126.000			
4860	120.000			
4861	120.000			
4862	115.000			
4863	110.000			
4864	110.000			
4865	105.000			
4866	105.000			
4867	101.000			
4868	101.000			
4869	98.000			
4870	96.000			
4871	96.000			
4872	96.000			
4873	96.000			
4874	97.000			
4875	99.000			
4876	99.000			
4877	100.000			
4878	100.000			
4879	100.000			
4880	100.000			
4881	99.000			
4882	98.000			
4883	98.000			
4884	96.000			
4885	96.000			
4886	93.000			
4887	91.000			
4888	91.000			
4889	88.000			
4890	88.000			
4891	86.000			
4892	85.000			
4893	85.000			
4894	83.000			
4895	83.000			
4896	81.000			
4897	81.000			
4898	80.000			
4899	78.000			
4900	78.000			
4901	76.000			
4902	76.000			
4903	74.000			
4904	71.000			
4905	71.000			
4906	69.000			
4907	69.000			
4908	67.000			
4909	67.000			
4910	66.000			
4911	65.000			
4912	65.000			
4913	64.000			
4914	64.000			
4915	64.000			
4916	65.000			
4917	65.000			
4918	65.000			
4919	65.000			
4920	66.000			
4921	66.000			
4922	67.000			
4923	69.000			
4924	69.000			
4925	74.000			
4926	74.000			
4927	83.000			
4928	96.000			
4929	96.000			
4930	111.000			
4931	111.000			
4932	127.000			
4933	143.000			
4934	143.000			
4935	155.000			
4936	155.000			
4937	162.000			
4938	162.000			
4939	166.000			
4940	166.000			
4941	166.000			
4942	163.000			
4943	163.000			
4944	160.000			
4945	156.000			
4946	156.000			
4947	151.000			
4948	151.000			
4949	147.000			
4950	147.000			
4951	143.000			
4952	138.000			
4953	138.000			
4954	132.000			
4955	132.000			
4956	126.000			
4957	120.000			
4958	120.000			
4959	113.000			
4960	113.000			
4961	107.000			
4962	103.000			
4963	103.000			
4964	100.000			
4965	100.000			
4966	99.000			
4967	99.000			
4968	100.000			
4969	101.000			
4970	101.000			
4971	102.000			
4972	102.000			
4973	102.000			
4974	101.000			
4975	101.000			
4976	98.000			
4977	98.000			
4978	94.000			
4979	94.000			
4980	90.000			
4981	87.000			
4982	87.000			
4983	85.000			
4984	85.000			
4985	83.000			
4986	82.000			
4987	82.000			
4988	81.000			
4989	81.000			
4990	79.000			
4991	77.000			
4992	77.000			
4993	74.000			
4994	74.000			
4995	70.000			
4996	70.000			
4997	68.000			
4998	66.000			
4999	66.000			
5000	65.000			
5001	65.000			
5002	65.000			
5003	64.000			
5004	64.000			
5005	64.000			
5006	64.000			
5007	63.000			
5008	63.000			
5009	62.000			
5010	62.000			
5011	62.000			
5012	62.000			
5013	62.000			
5014	62.000			
5015	64.000			
5016	64.000			
5017	66.000			
5018	66.000			
5019	69.000			
5020	73.000			
5021	73.000			
5022	80.000			
5023	80.000			
5024	89.000			
5025	89.000			
5026	100.000			
5027	114.000			
5028	114.000			
5029	128.000			
5030	128.000			
5031	141.000			
5032	152.000			
5033	152.000			
5034	160.000			
5035	160.000			
5036	165.000			
5037	165.000			
5038	166.000			
5039	164.000			
5040	164.000			
5041	160.000			
5042	160.000			
5043	155.000			
5044	150.000			
5045	150.000			
5046	144.000			
5047	144.000			
5048	137.000			
5049	137.000			
5050	131.000			
5051	125.000			
5052	125.000			
5053	119.000			
5054	119.000			
5055	113.000			
5056	108.000			
5057	108.000			
5058	104.000			
5059	104.000			
5060	101.000			
5061	99.000			
5062	99.000			
5063	97.000			
5064	97.000			
5065	95.000			
5066	95.000			
5067	94.000			
5068	94.000			
5069	94.000			
5070	94.000			
5071	94.000			
5072	94.000			
5073	94.000			
5074	94.000			
5075	94.000			
5076	94.000			
5077	93.000			
5078	93.000			
5079	90.000			
5080	87.000			
5081	87.000			
5082	83.000			
5083	83.000			
5084	80.000			
5085	76.000			
5086	76.000			
5087	73.000			
5088	73.000			
5089	71.000			
5090	70.000			
5091	70.000			
5092	68.000			
5093	68.000			
5094	67.000			
5095	67.000			
5096	65.000			
5097	63.000			
5098	63.000			
5099	60.000			
5100	60.000			
5101	58.000			
5102	57.000			
5103	57.000			
5104	57.000			
5105	57.000			
5106	57.000			
5107	57.000			
5108	58.000			
5109	58.000			
5110	58.000			
5111	59.000			
5112	59.000			
5113	59.000			
5114	59.000			
5115	59.000			
5116	59.000			
5117	59.000			
5118	60.000			
5119	63.000			
5120	63.000			
5121	67.000			
5122	67.000			
5123	75.000			
5124	75.000			
5125	86.000			
5126	100.000			
5127	100.000			
5128	117.000			
5129	117.000			
5130	134.000			
5131	149.000			
5132	149.000			
5133	161.000			
5134	161.000			
5135	168.000			
5136	168.000			
5137	170.000			
5138	169.000			
5139	169.000			
5140	166.000			
5141	166.000			
5142	161.000			
5143	156.000			
5144	156.000			
5145	151.000			
5146	151.000			
5147	146.000			
5148	141.000			
5149	141.000			
5150	136.000			
5151	136.000			
5152	130.000			
5153	130.000			
5154	123.000			
5155	116.000			
5156	116.000			
5157	109.000			
5158	109.000			
5159	103.000			
5160	99.000			
5161	99.000			
5162	96.000			
5163	96.000			
5164	96.000			
5165	96.000			
5166	96.000			
5167	97.000			
5168	97.000			
5169	98.000			
5170	98.000			
5171	98.000			
5172	97.000			
5173	97.000			
5174	96.000			
5175	96.000			
5176	93.000			
5177	91.000			
5178	91.000			
5179	89.000			
5180	89.000			
5181	87.000			
5182	87.000			
5183	85.000			
5184	83.000			
5185	83.000			
5186	80.000			
5187	80.000			
5188	77.000			
5189	74.000			
5190	74.000			
5191	70.000			
5192	70.000			
5193	67.000			
5194	67.000			
5195	65.000			
5196	63.000			
5197	63.000			
5198	63.000			
5199	63.000			
5200	62.000			
5201	61.000			
5202	61.000			
5203	60.000			
5204	60.000			
5205	59.000			
5206	59.000			
5207	57.000			
5208	55.000			
5209	55.000			
5210	53.000			
5211	53.000			
5212	52.000			
5213	53.000			
5214	53.000			
5215	54.000			
5216	54.000			
5217	58.000			
5218	61.000			
5219	61.000			
5220	66.000			
5221	66.000			
5222	70.000			
5223	70.000			
5224	76.000			
5225	84.000			
5226	84.000			
5227	95.000			
5228	95.000			
5229	109.000			
5230	126.000			
5231	126.000			
5232	142.000			
5233	142.000			
5234	156.000			
5235	156.000			
5236	165.000			
5237	170.000			
5238	170.000			
5239	170.000			
5240	170.000			
5241	167.000			
5242	162.000			
5243	162.000			
5244	155.000			
5245	155.000			
5246	149.000			
5247	143.000			
5248	143.000			
5249	137.000			
5250	137.000			
5251	131.000			
5252	131.000			
5253	125.000			
5254	119.000			
5255	119.000			
5256	113.000			
5257	113.000			
5258	108.000			
5259	102.000			
5260	102.000			
5261	97.000			
5262	97.000			
5263	94.000			
5264	94.000			
5265	92.000			
5266	92.000			
5267	92.000			
5268	93.000			
5269	93.000			
5270	94.000			
5271	95.000			
5272	95.000			
5273	95.000			
5274	95.000			
5275	95.000			
5276	93.000			
5277	93.000			
5278	90.000			
5279	90.000			
5280	87.000			
5281	87.000			
5282	84.000			
5283	81.000			
5284	81.000			
5285	79.000			
5286	79.000			
5287	77.000			
5288	75.000			
5289	75.000			
5290	73.000			
5291	73.000			
5292	72.000			
5293	72.000			
5294	70.000			
5295	68.000			
5296	68.000			
5297	66.000			
5298	66.000			
5299	64.000			
5300	62.000			
5301	62.000			
5302	60.000			
5303	60.000			
5304	58.000			
5305	57.000			
5306	57.000			
5307	57.000			
5308	57.000			
5309	57.000			
5310	57.000			
5311	57.000			
5312	57.000			
5313	57.000			
5314	57.000			
5315	57.000			
5316	57.000			
5317	57.000			
5318	57.000			
5319	59.000			
5320	59.000			
5321	61.000			
5322	61.000			
5323	66.000			
5324	74.000			
5325	74.000			
5326	85.000			
5327	85.000			
5328	99.000			
5329	115.000			
5330	115.000			
5331	131.000			
5332	131.000			
5333	146.000			
5334	146.000			
5335	157.000			
5336	164.000			
5337	164.000			
5338	167.000			
5339	167.000			
5340	167.000			
5341	164.000			
5342	164.000			
5343	160.000			
5344	160.000			
5345	155.000			
5346	149.000			
5347	149.000			
5348	143.000			
5349	143.000			
5350	137.000			
5351	137.000			
5352	130.000			
5353	124.000			
5354	124.000			
5355	117.000			
5356	117.000			
5357	111.000			
5358	107.000			
5359	107.000			
5360	103.000			
5361	103.000			
5362	101.000			
5363	101.000			
5364	99.000			
5365	98.000			
5366	98.000			
5367	97.000			
5368	97.000			
5369	96.000			
5370	95.000			
5371	95.000			
5372	94.000			
5373	94.000			
5374	94.000			
5375	94.000			
5376	94.000			
5377	94.000			
5378	94.000			
5379	94.000			
5380	94.000			
5381	93.000			
5382	91.000			
5383	91.000			
5384	87.000			
5385	87.000			
5386	83.000			
5387	78.000			
5388	78.000			
5389	74.000			
5390	74.000			
5391	71.000			
5392	71.000			
5393	69.000			
5394	67.000			
5395	67.000			
5396	67.000			
5397	67.000			
5398	66.000			
5399	65.000			
5400	65.000			
5401	65.000			
5402	65.000			
5403	63.000			
5404	62.000			
5405	62.000			
5406	60.000			
5407	60.000			
5408	59.000			
5409	59.000			
5410	58.000			
5411	58.000			
5412	58.000			
5413	59.000			
5414	59.000			
5415	61.000			
5416	62.000			
5417	62.000			
5418	64.000			
5419	64.000			
5420	67.000			
5421	67.000			
5422	71.000			
5423	77.000			
5424	77.000			
5425	87.000			
5426	87.000			
5427	100.000			
5428	115.000			
5429	115.000			
5430	131.000			
5431	131.000			
5432	147.000			
5433	159.000			
5434	159.000			
5435	167.000			
5436	167.000			
5437	171.000			
5438	171.000			
5439	171.000			
5440	168.000			
5441	168.000			
5442	163.000			
5443	163.000			
5444	157.000			
5445	151.000			
5446	151.000			
5447	145.000			
5448	145.000			
5449	139.000			
5450	139.000			
5451	134.000			
5452	130.000			
5453	130.000			
5454	124.000			
5455	124.000			
5456	118.000			
5457	112.000			
5458	112.000			
5459	106.000			
5460	106.000			
5461	101.000			
5462	101.000			
5463	98.000			
5464	96.000			
5465	96.000			
5466	96.000			
5467	96.000			
5468	98.000			
5469	99.000			
5470	99.000			
5471	100.000			
5472	100.000			
5473	100.000			
5474	98.000			
5475	98.000			
5476	95.000			
5477	95.000			
5478	92.000			
5479	92.000			
5480	89.000			
5481	86.000			
5482	86.000			
5483	84.000			
5484	84.000			
5485	82.000			
5486	80.000			
5487	80.000			
5488	78.000			
5489	78.000			
5490	75.000			
5491	75.000			
5492	72.000			
5493	68.000			
5494	68.000			
5495	65.000			
5496	65.000			
5497	63.000			
5498	61.000			
5499	61.000			
5500	61.000			
5501	61.000			
5502	61.000			
5503	61.000			
5504	61.000			
5505	61.000			
5506	61.000			
5507	61.000			
5508	61.000			
5509	61.000			
5510	61.000			
5511	61.000			
5512	61.000			
5513	61.000			
5514	62.000			
5515	63.000			
5516	63.000			
5517	65.000			
5518	65.000			
5519	68.000			
5520	68.000			
5521	74.000			
5522	82.000			
5523	82.000			
5524	94.000			
5525	94.000			
5526	108.000			
5527	124.000			
5528	124.000			
5529	139.000			
5530	139.000			
5531	152.000			
5532	162.000			
5533	162.000			
5534	167.000			
5535	167.000			
5536	169.000			
5537	169.000			
5538	169.000			
5539	167.000			
5540	167.000			
5541	164.000			
5542	164.000			
5543	161.000			
5544	156.000			
5545	156.000			
5546	151.000			
5547	151.000			
5548	144.000			
5549	144.000			
5550	137.000			
5551	129.000			
5552	129.000			
5553	122.000			
5554	122.000			
5555	115.000			
5556	110.000			
5557	110.000			
5558	106.000			
5559	106.000			
5560	103.000			
5561	101.000			
5562	101.000			
5563	100.000			
5564	100.000			
5565	98.000			
5566	98.000			
5567	98.000			
5568	97.000			
5569	97.000			
5570	97.000			
5571	97.000			
5572	98.000			
5573	98.000			
5574	98.000			
5575	98.000			
5576	98.000			
5577	97.000			
5578	97.000			
5579	95.000			
5580	92.000			
5581	92.000			
5582	88.000			
5583	88.000			
5584	84.000			
5585	80.000			
5586	80.000			
5587	77.000			
5588	77.000			
5589	74.000			
5590	72.000			
5591	72.000			
5592	70.000			
5593	70.000			
5594	68.000			
5595	68.000			
5596	66.000			
5597	64.000			
5598	64.000			
5599	62.000			
5600	62.000			
5601	60.000			
5602	59.000			
5603	59.000			
5604	59.000			
5605	59.000			
5606	59.000			
5607	59.000			
5608	59.000			
5609	60.000			
5610	60.000			
5611	62.000			
5612	62.000			
5613	64.000			
5614	65.000			
5615	65.000			
5616	68.000			
5617	68.000			
5618	71.000			
5619	71.000			
5620	76.000			
5621	85.000			
5622	85.000			
5623	97.000			
5624	97.000			
5625	113.000			
5626	130.000			
5627	130.000			
5628	147.000			
5629	147.000			
5630	161.000			
5631	171.000			
5632	171.000			
5633	175.000			
5634	175.000			
5635	176.000			
5636	176.000			
5637	173.000			
5638	168.000			
5639	168.000			
5640	162.000			
5641	162.000			
5642	157.000			
5643	152.000			
5644	152.000			
5645	147.000			
5646	147.000			
5647	142.000			
5648	142.000			
5649	137.000			
5650	131.000			
5651	131.000			
5652	124.000			
5653	124.000			
5654	117.000			
5655	111.000			
5656	111.000			
5657	106.000			
5658	106.000			
5659	102.000			
5660	100.000			
5661	100.000			
5662	100.000			
5663	100.000			
5664	100.000			
5665	100.000			
5666	100.000			
5667	101.000			
5668	101.000			
5669	101.000			
5670	101.000			
5671	100.000			
5672	98.000			
5673	98.000			
5674	96.000			
5675	96.000			
5676	94.000			
5677	94.000			
5678	91.000			
5679	89.000			
5680	89.000			
5681	87.000			
5682	87.000			
5683	84.000			
5684	81.000			
5685	81.000			
5686	78.000			
5687	78.000			
5688	74.000			
5689	71.000			
5690	71.000			
5691	68.000			
5692	68.000			
5693	66.000			
5694	66.000			
5695	64.000			
5696	63.000			
5697	63.000			
5698	63.000			
5699	63.000			
5700	63.000			
5701	63.000			
5702	63.000			
5703	62.000			
5704	62.000			
5705	62.000			
5706	62.000			
5707	62.000			
5708	61.000			
5709	61.000			
5710	62.000			
5711	62.000			
5712	63.000			
5713	67.000			
5714	67.000			
5715	73.000			
5716	73.000			
5717	82.000			
5718	95.000			
5719	95.000			
5720	111.000			
5721	111.000			
5722	127.000			
5723	127.000			
5724	143.000			
5725	156.000			
5726	156.000			
5727	165.000			
5728	165.000			
5729	170.000			
5730	171.000			
5731	171.000			
5732	171.000			
5733	171.000			
5734	168.000			
5735	168.000			
5736	165.000			
5737	160.000			
5738	160.000			
5739	155.000			
5740	155.000			
5741	149.000			
5742	142.000			
5743	142.000			
5744	134.000			
5745	134.000			
5746	127.000			
5747	127.000			
5748	119.000			
5749	113.000			
5750	113.000			
5751	108.000			
5752	108.000			
5753	104.000			
5754	101.000			
5755	101.000			
5756	98.000			
5757	98.000			
5758	97.000			
5759	96.000			
5760	96.000			
5761	95.000			
5762	95.000			
5763	95.000			
5764	95.000			
5765	96.000			
5766	96.000			
5767	96.000			
5768	96.000			
5769	96.000			
5770	94.000			
5771	92.000			
5772	92.000			
5773	89.000			
5774	89.000			
5775	85.000			
5776	85.000			
5777	82.000			
5778	79.000			
5779	79.000			
5780	77.000			
5781	77.000			
5782	74.000			
5783	72.000			
5784	72.000			
5785	69.000			
5786	69.000			
5787	67.000			
5788	64.000			
5789	64.000			
5790	62.000			
5791	62.000			
5792	60.000			
5793	60.000			
5794	59.000			
5795	58.000			
5796	58.000			
5797	58.000			
5798	58.000			
5799	57.000			
5800	57.000			
5801	57.000			
5802	57.000			
5803	57.000			
5804	58.000			
5805	58.000			
5806	60.000			
5807	63.000			
5808	63.000			
5809	67.000			
5810	67.000			
5811	73.000			
5812	82.000			
5813	82.000			
5814	94.000			
5815	94.000			
5816	108.000			
5817	125.000			
5818	125.000			
5819	141.000			
5820	141.000			
5821	155.000			
5822	155.000			
5823	166.000			
5824	172.000			
5825	172.000			
5826	174.000			
5827	174.000			
5828	174.000			
5829	171.000			
5830	171.000			
5831	168.000			
5832	168.000			
5833	164.000			
5834	164.000			
5835	160.000			
5836	155.000			
5837	155.000			
5838	149.000			
5839	149.000			
5840	142.000			
5841	133.000			
5842	133.000			
5843	125.000			
5844	125.000			
5845	118.000			
5846	111.000			
5847	111.000			
5848	107.000			
5849	107.000			
5850	103.000			
5851	103.000			
5852	102.000			
5853	101.000			
5854	101.000			
5855	101.000			
5856	101.000			
5857	101.000			
5858	101.000			
5859	101.000			
5860	100.000			
5861	100.000			
5862	99.000			
5863	99.000			
5864	97.000			
5865	95.000			
5866	95.000			
5867	93.000			
5868	93.000			
5869	91.000			
5870	89.000			
5871	89.000			
5872	86.000			
5873	86.000			
5874	83.000			
5875	83.000			
5876	80.000			
5877	76.000			
5878	76.000			
5879	72.000			
5880	72.000			
5881	68.000			
5882	65.000			
5883	65.000			
5884	63.000			
5885	63.000			
5886	61.000			
5887	60.000			
5888	60.000			
5889	59.000			
5890	59.000			
5891	58.000			
5892	58.000			
5893	57.000			
5894	56.000			
5895	56.000			
5896	55.000			
5897	55.000			
5898	54.000			
5899	54.000			
5900	54.000			
5901	55.000			
5902	55.000			
5903	58.000			
5904	58.000			
5905	62.000			
5906	70.000			
5907	70.000			
5908	80.000			
5909	80.000			
5910	94.000			
5911	109.000			
5912	109.000			
5913	125.000			
5914	125.000			
5915	140.000			
5916	152.000			
5917	152.000			
5918	161.000			
5919	161.000			
5920	167.000			
5921	167.000			
5922	170.000			
5923	171.000			
5924	171.000			
5925	169.000			
5926	169.000			
5927	167.000			
5928	162.000			
5929	162.000			
5930	157.000			
5931	157.000			
5932	150.000			
5933	150.000			
5934	142.000			
5935	135.000			
5936	135.000			
5937	127.000			
5938	127.000			
5939	120.000			
5940	113.000			
5941	113.000			
5942	108.000			
5943	108.000			
5944	104.000			
5945	101.000			
5946	101.000			
5947	98.000			
5948	98.000			
5949	97.000			
5950	97.000			
5951	95.000			
5952	95.000			
5953	95.000			
5954	94.000			
5955	94.000			
5956	94.000			
5957	94.000			
5958	94.000			
5959	93.000			
5960	93.000			
5961	93.000			
5962	93.000			
5963	91.000			
5964	88.000			
5965	88.000			
5966	85.000			
5967	85.000			
5968	82.000			
5969	78.000			
5970	78.000			
5971	75.000			
5972	75.000			
5973	72.000			
5974	70.000			
5975	70.000			
5976	68.000			
5977	68.000			
5978	66.000			
5979	66.000			
5980	64.000			
5981	61.000			
5982	61.000			
5983	59.000			
5984	59.000			
5985	57.000			
5986	55.000			
5987	55.000			
5988	53.000			
5989	53.000			
5990	53.000			
5991	53.000			
5992	53.000			
5993	54.000			
5994	54.000			
5995	55.000			
5996	55.000			
5997	57.000			
5998	60.000			
5999	60.000			
6000	64.000			
6001	64.000			
6002	69.000			
6003	69.000			
6004	78.000			
6005	90.000			
6006	90.000			
6007	105.000			
6008	105.000			
6009	122.000			
6010	139.000			
6011	139.000			
6012	154.000			
6013	154.000			
6014	165.000			
6015	171.000			
6016	171.000			
6017	174.000			
6018	174.000			
6019	174.000			
6020	174.000			
6021	172.000			
6022	169.000			
6023	169.000			
6024	165.000			
6025	165.000			
6026	161.000			
6027	156.000			
6028	156.000			
6029	149.000			
6030	149.000			
6031	142.000			
6032	142.000			
6033	135.000			
6034	126.000			
6035	126.000			
6036	119.000			
6037	119.000			
6038	112.000			
6039	106.000			
6040	106.000			
6041	102.000			
6042	102.000			
6043	99.000			
6044	97.000			
6045	97.000			
6046	96.000			
6047	96.000			
6048	96.000			
6049	96.000			
6050	95.000			
6051	95.000			
6052	95.000			
6053	94.000			
6054	94.000			
6055	93.000			
6056	91.000			
6057	91.000			
6058	89.000			
6059	89.000			
6060	85.000			
6061	85.000			
6062	81.000			
6063	77.000			
6064	77.000			
6065	73.000			
6066	73.000			
6067	70.000			
6068	67.000			
6069	67.000			
6070	66.000			
6071	66.000			
6072	64.000			
6073	63.000			
6074	63.000			
6075	61.000			
6076	61.000			
6077	59.000			
6078	59.000			
6079	56.000			
6080	53.000			
6081	53.000			
6082	52.000			
6083	52.000			
6084	51.000			
6085	51.000			
6086	51.000			
6087	52.000			
6088	52.000			
6089	53.000			
6090	53.000			
6091	54.000			
6092	55.000			
6093	55.000			
6094	56.000			
6095	56.000			
6096	59.000			
6097	64.000			
6098	64.000			
6099	72.000			
6100	72.000			
6101	85.000			
6102	101.000			
6103	101.000			
6104	119.000			
6105	119.000			
6106	136.000			
6107	136.000			
6108	151.000			
6109	162.000			
6110	162.000			
6111	168.000			
6112	168.000			
6113	170.000			
6114	169.000			
6115	169.000			
6116	166.000			
6117	166.000			
6118	163.000			
6119	163.000			
6120	159.000			
6121	155.000			
6122	155.000			
6123	150.000			
6124	150.000			
6125	145.000			
6126	138.000			
6127	138.000			
6128	131.000			
6129	131.000			
6130	124.000			
6131	117.000			
6132	117.000			
6133	110.000			
6134	110.000			
6135	105.000			
6136	105.000			
6137	101.000			
6138	98.000			
6139	98.000			
6140	97.000			
6141	97.000			
6142	97.000			
6143	97.000			
6144	97.000			
6145	97.000			
6146	97.000			
6147	96.000			
6148	96.000			
6149	95.000			
6150	92.000			
6151	92.000			
6152	89.000			
6153	89.000			
6154	86.000			
6155	84.000			
6156	84.000			
6157	81.000			
6158	81.000			
6159	78.000			
6160	78.000			
6161	76.000			
6162	73.000			
6163	73.000			
6164	70.000			
6165	70.000			
6166	67.000			
6167	64.000			
6168	64.000			
6169	61.000			
6170	61.000			
6171	59.000			
6172	57.000			
6173	57.000			
6174	56.000			
6175	56.000			
6176	55.000			
6177	55.000			
6178	55.000			
6179	54.000			
6180	54.000			
6181	53.000			
6182	53.000			
6183	53.000			
6184	53.000			
6185	53.000			
6186	53.000			
6187	53.000			
6188	55.000			
6189	55.000			
6190	57.000			
6191	59.000			
6192	59.000			
6193	63.000			
6194	63.000			
6195	68.000			
6196	75.000			
6197	75.000			
6198	86.000			
6199	86.000			
6200	100.000			
6201	117.000			
6202	117.000			
6203	134.000			
6204	134.000			
6205	149.000			
6206	149.000			
6207	162.000			
6208	170.000			
6209	170.000			
6210	174.000			
6211	174.000			
6212	174.000			
6213	172.000			
6214	172.000			
6215	168.000			
6216	168.000			
6217	164.000			
6218	164.000			
6219	159.000			
6220	154.000			
6221	154.000			
6222	148.000			
6223	148.000			
6224	141.000			
6225	134.000			
6226	134.000			
6227	127.000			
6228	127.000			
6229	120.000			
6230	114.000			
6231	114.000			
6232	110.000			
6233	110.000			
6234	107.000			
6235	107.000			
6236	105.000			
6237	104.000			
6238	104.000			
6239	103.000			
6240	103.000			
6241	102.000			
6242	101.000			
6243	101.000			
6244	100.000			
6245	100.000			
6246	98.000			
6247	98.000			
6248	96.000			
6249	94.000			
6250	94.000			
6251	92.000			
6252	92.000			
6253	90.000			
6254	87.000			
6255	87.000			
6256	84.000			
6257	84.000			
6258	79.000			
6259	75.000			
6260	75.000			
6261	70.000			
6262	70.000			
6263	67.000			
6264	67.000			
6265	64.000			
6266	63.000			
6267	63.000			
6268	63.000			
6269	63.000			
6270	62.000			
6271	61.000			
6272	61.000			
6273	59.000			
6274	59.000			
6275	57.000			
6276	57.000			
6277	54.000			
6278	52.000			
6279	52.000			
6280	50.000			
6281	50.000			
6282	50.000			
6283	51.000			
6284	51.000			
6285	52.000			
6286	52.000			
6287	54.000			
6288	54.000			
6289	57.000			
6290	59.000			
6291	59.000			
6292	63.000			
6293	63.000			
6294	68.000			
6295	77.000			
6296	77.000			
6297	89.000			
6298	89.000			
6299	105.000			
6300	123.000			
6301	123.000			
6302	140.000			
6303	140.000			
6304	155.000			
6305	155.000			
6306	166.000			
6307	173.000			
6308	173.000			
6309	175.000			
6310	175.000			
6311	175.000			
6312	173.000			
6313	173.000			
6314	169.000			
6315	169.000			
6316	165.000			
6317	165.000			
6318	160.000			
6319	155.000			
6320	155.000			
6321	148.000			
6322	148.000			
6323	142.000			
6324	134.000			
6325	134.000			
6326	127.000			
6327	127.000			
6328	120.000			
6329	113.000			
6330	113.000			
6331	108.000			
6332	108.000			
6333	104.000			
6334	104.000			
6335	101.000			
6336	101.000			
6337	101.000			
6338	101.000			
6339	101.000			
6340	101.000			
6341	101.000			
6342	101.000			
6343	100.000			
6344	100.000			
6345	98.000			
6346	98.000			
6347	95.000			
6348	91.000			
6349	91.000			
6350	88.000			
6351	88.000			
6352	84.000			
6353	81.000			
6354	81.000			
6355	78.000			
6356	78.000			
6357	76.000			
6358	73.000			
6359	73.000			
6360	71.000			
6361	71.000			
6362	68.000			
6363	68.000			
6364	65.000			
6365	62.000			
6366	62.000			
6367	60.000			
6368	60.000			
6369	58.000			
6370	57.000			
6371	57.000			
6372	57.000			
6373	57.000			
6374	56.000			
6375	56.000			
6376	56.000			
6377	55.000			
6378	55.000			
6379	53.000			
6380	53.000			
6381	52.000			
6382	51.000			
6383	51.000			
6384	51.000			
6385	51.000			
6386	52.000			
6387	54.000			
6388	54.000			
6389	57.000			
6390	57.000			
6391	61.000			
6392	61.000			
6393	67.000			
6394	76.000			
6395	76.000			
6396	88.000			
6397	88.000			
6398	104.000			
6399	121.000			
6400	121.000			
6401	138.000			
6402	138.000			
6403	153.000			
6404	153.000			
6405	164.000			
6406	172.000			
6407	172.000			
6408	177.000			
6409	177.000			
6410	179.000			
6411	178.000			
6412	178.000			
6413	175.000			
6414	175.000			
6415	172.000			
6416	172.000			
6417	167.000			
6418	161.000			
6419	161.000			
6420	154.000			
6421	154.000			
6422	147.000			
6423	140.000			
6424	140.000			
6425	133.000			
6426	133.000			
6427	126.000			
6428	120.000			
6429	120.000			
6430	115.000			
6431	115.000			
6432	111.000			
6433	111.000			
6434	109.000			
6435	107.000			
6436	107.000			
6437	105.000			
6438	105.000			
6439	105.000			
6440	104.000			
6441	104.000			
6442	104.000			
6443	104.000			
6444	103.000			
6445	103.000			
6446	101.000			
6447	99.000			
6448	99.000			
6449	96.000			
6450	96.000			
6451	92.000			
6452	89.000			
6453	89.000			
6454	85.000			
6455	85.000			
6456	81.000			
6457	77.000			
6458	77.000			
6459	74.000			
6460	74.000			
6461	71.000			
6462	71.000			
6463	68.000			
6464	66.000			
6465	66.000			
6466	63.000			
6467	63.000			
6468	61.000			
6469	58.000			
6470	58.000			
6471	56.000			
6472	56.000			
6473	54.000			
6474	54.000			
6475	52.000			
6476	51.000			
6477	51.000			
6478	51.000			
6479	51.000			
6480	51.000			
6481	52.000			
6482	52.000			
6483	53.000			
6484	53.000			
6485	55.000			
6486	56.000			
6487	56.000			
6488	58.000			
6489	58.000			
6490	61.000			
6491	61.000			
6492	66.000			
6493	73.000			
6494	73.000			
6495	85.000			
6496	85.000			
6497	100.000			
6498	117.000			
6499	117.000			
6500	135.000			
6501	135.000			
6502	151.000			
6503	151.000			
6504	163.000			
6505	172.000			
6506	172.000			
6507	176.000			
6508	176.000			
6509	177.000			
6510	176.000			
6511	176.000			
6512	173.000			
6513	173.000			
6514	169.000			
6515	166.000			
6516	166.000			
6517	162.000			
6518	162.000			
6519	157.000			
6520	157.000			
6521	151.000			
6522	143.000			
6523	143.000			
6524	136.000			
6525	136.000			
6526	128.000			
6527	121.000			
6528	121.000			
6529	115.000			
6530	115.000			
6531	110.000			
6532	110.000			
6533	107.000			
6534	106.000			
6535	106.000			
6536	105.000			
6537	105.000			
6538	104.000			
6539	103.000			
6540	103.000			
6541	102.000			
6542	102.000			
6543	99.000			
6544	96.000			
6545	96.000			
6546	92.000			
6547	92.000			
6548	89.000			
6549	89.000			
6550	85.000			
6551	81.000			
6552	81.000			
6553	78.000			
6554	78.000			
6555	76.000			
6556	74.000			
6557	74.000			
6558	72.000			
6559	72.000			
6560	70.000			
6561	70.000			
6562	67.000			
6563	65.000			
6564	65.000			
6565	62.000			
6566	62.000			
6567	60.000			
6568	57.000			
6569	57.000			
6570	56.000			
6571	56.000			
6572	55.000			
6573	55.000			
6574	54.000			
6575	55.000			
6576	55.000			
6577	56.000			
6578	56.000			
6579	56.000			
6580	56.000			
6581	56.000			
6582	55.000			
6583	55.000			
6584	54.000			
6585	54.000			
6586	54.000			
6587	55.000			
6588	55.000			
6589	58.000			
6590	58.000			
6591	64.000			
6592	74.000			
6593	74.000			
6594	87.000			
6595	87.000			
6596	103.000			
6597	120.000			
6598	120.000			
6599	136.000			
6600	136.000			
6601	150.000			
6602	150.000			
6603	161.000			
6604	169.000			
6605	169.000			
6606	174.000			
6607	174.000			
6608	177.000			
6609	177.000			
6610	177.000			
6611	175.000			
6612	175.000			
6613	171.000			
6614	166.000			
6615	166.000			
6616	160.000			
6617	160.000			
6618	154.000			
6619	154.000			
6620	147.000			
6621	139.000			
6622	139.000			
6623	132.000			
6624	132.000			
6625	125.000			
6626	119.000			
6627	119.000			
6628	115.000			
6629	115.000			
6630	111.000			
6631	111.000			
6632	109.000			
6633	107.000			
6634	107.000			
6635	106.000			
6636	106.000			
6637	105.000			
6638	104.000			
6639	104.000			
6640	103.000			
6641	103.000			
6642	102.000			
6643	99.000			
6644	99.000			
6645	96.000			
6646	96.000			
6647	93.000			
6648	93.000			
6649	89.000			
6650	84.000			
6651	84.000			
6652	79.000			
6653	79.000			
6654	75.000			
6655	71.000			
6656	71.000			
6657	68.000			
6658	68.000			
6659	65.000			
6660	65.000			
6661	63.000			
6662	61.000			
6663	61.000			
6664	59.000			
6665	59.000			
6666	56.000			
6667	54.000			
6668	54.000			
6669	52.000			
6670	52.000			
6671	50.000			
6672	50.000			
6673	50.000			
6674	49.000			
6675	49.000			
6676	49.000			
6677	49.000			
6678	49.000			
6679	49.000			
6680	49.000			
6681	49.000			
6682	49.000			
6683	49.000			
6684	50.000			
6685	50.000			
6686	51.000			
6687	51.000			
6688	53.000			
6689	53.000			
6690	58.000			
6691	65.000			
6692	65.000			
6693	77.000			
6694	77.000			
6695	92.000			
6696	110.000			
6697	110.000			
6698	128.000			
6699	128.000			
6700	145.000			
6701	145.000			
6702	158.000			
6703	168.000			
6704	168.000			
6705	174.000			
6706	174.000			
6707	177.000			
6708	177.000			
6709	177.000			
6710	176.000			
6711	176.000			
6712	175.000			
6713	172.000			
6714	172.000			
6715	169.000			
6716	169.000			
6717	164.000			
6718	164.000			
6719	158.000			
6720	150.000			
6721	150.000			
6722	142.000			
6723	142.000			
6724	133.000			
6725	125.000			
6726	125.000			
6727	118.000			
6728	118.000			
6729	114.000			
6730	114.000			
6731	111.000			
6732	109.000			
6733	109.000			
6734	109.000			
6735	109.000			
6736	108.000			
6737	107.000			
6738	107.000			
6739	104.000			
6740	104.000			
6741	101.000			
6742	98.000			
6743	98.000			
6744	94.000			
6745	94.000			
6746	91.000			
6747	91.000			
6748	88.000			
6749	84.000			
6750	84.000			
6751	81.000			
6752	81.000			
6753	77.000			
6754	74.000			
6755	74.000			
6756	70.000			
6757	70.000			
6758	68.000			
6759	68.000			
6760	65.000			
6761	64.000			
6762	64.000			
6763	62.000			
6764	62.000			
6765	61.000			
6766	60.000			
6767	60.000			
6768	59.000			
6769	59.000			
6770	58.000			
6771	57.000			
6772	57.000			
6773	55.000			
6774	55.000			
6775	54.000			
6776	54.000			
6777	53.000			
6778	52.000			
6779	52.000			
6780	51.000			
6781	51.000			
6782	51.000			
6783	52.000			
6784	52.000			
6785	53.000			
6786	53.000			
6787	55.000			
6788	55.000			
6789	59.000			
6790	65.000			
6791	65.000			
6792	73.000			
6793	73.000			
6794	85.000			
6795	100.000			
6796	100.000			
6797	117.000			
6798	117.000			
6799	134.000			
6800	148.000			
6801	148.000			
6802	160.000			
6803	160.000			
6804	168.000			
6805	168.000			
6806	173.000			
6807	175.000			
6808	175.000			
6809	174.000			
6810	174.000			
6811	172.000			
6812	168.000			
6813	168.000			
6814	164.000			
6815	164.000			
6816	160.000			
6817	160.000			
6818	155.000			
6819	149.000			
6820	149.000			
6821	143.000			
6822	143.000			
6823	137.000			
6824	131.000			
6825	131.000			
6826	125.000			
6827	125.000			
6828	120.000			
6829	120.000			
6830	115.000			
6831	112.000			
6832	112.000			
6833	110.000			
6834	110.000			
6835	109.000			
6836	109.000			
6837	109.000			
6838	109.000			
6839	109.000			
6840	108.000			
6841	106.000			
6842	106.000			
6843	103.000			
6844	103.000			
6845	99.000			
6846	99.000			
6847	95.000			
6848	91.000			
6849	91.000			
6850	88.000			
6851	88.000			
6852	85.000			
6853	82.000			
6854	82.000			
6855	79.000			
6856	79.000			
6857	76.000			
6858	76.000			
6859	72.000			
6860	69.000			
6861	69.000			
6862	65.000			
6863	65.000			
6864	61.000			
6865	58.000			
6866	58.000			
6867	56.000			
6868	56.000			
6869	55.000			
6870	54.000			
6871	54.000			
6872	54.000			
6873	54.000			
6874	53.000			
6875	53.000			
6876	51.000			
6877	49.000			
6878	49.000			
6879	48.000			
6880	48.000			
6881	46.000			
6882	46.000			
6883	46.000			
6884	47.000			
6885	47.000			
6886	49.000			
6887	49.000			
6888	53.000			
6889	58.000			
6890	58.000			
6891	64.000			
6892	64.000			
6893	72.000			
6894	82.000			
6895	82.000			
6896	95.000			
6897	95.000			
6898	111.000			
6899	127.000			
6900	127.000			
6901	143.000			
6902	143.000			
6903	157.000			
6904	157.000			
6905	168.000			
6906	175.000			
6907	175.000			
6908	179.000			
6909	179.000			
6910	179.000			
6911	178.000			
6912	178.000			
6913	176.000			
6914	176.000			
6915	173.000			
6916	173.000			
6917	169.000			
6918	165.000			
6919	165.000			
6920	160.000			
6921	160.000			
6922	153.000			
6923	144.000			
6924	144.000			
6925	135.000			
6926	135.000			
6927	126.000			
6928	119.000			
6929	119.000			
6930	113.000			
6931	113.000			
6932	110.000			
6933	110.000			
6934	108.000			
6935	108.000			
6936	108.000			
6937	109.000			
6938	109.000			
6939	110.000			
6940	110.000			
6941	110.000			
6942	109.000			
6943	109.000			
6944	107.000			
6945	107.000			
6946	103.000			
6947	99.000			
6948	99.000			
6949	95.000			
6950	95.000			
6951	91.000			
6952	88.000			
6953	88.000			
6954	86.000			
6955	86.000			
6956	83.000			
6957	83.000			
6958	80.000			
6959	77.000			
6960	77.000			
6961	73.000			
6962	73.000			
6963	70.000			
6964	66.000			
6965	66.000			
6966	64.000			
6967	64.000			
6968	62.000			
6969	60.000			
6970	60.000			
6971	59.000			
6972	59.000			
6973	59.000			
6974	59.000			
6975	59.000			
6976	58.000			
6977	58.000			
6978	58.000			
6979	58.000			
6980	57.000			
6981	55.000			
6982	55.000			
6983	54.000			
6984	54.000			
6985	53.000			
6986	53.000			
6987	53.000			
6988	54.000			
6989	54.000			
6990	55.000			
6991	55.000			
6992	57.000			
6993	59.000			
6994	59.000			
6995	62.000			
6996	62.000			
6997	65.000			
6998	70.000			
6999	70.000			
7000	79.000			
7001	79.000			
7002	90.000			
7003	90.000			
7004	104.000			
7005	120.000			
7006	120.000			
7007	135.000			
7008	135.000			
7009	149.000			
7010	160.000			
7011	160.000			
7012	167.000			
7013	167.000			
7014	172.000			
7015	172.000			
7016	174.000			
7017	175.000			
7018	175.000			
7019	175.000			
7020	175.000			
7021	175.000			
7022	173.000			
7023	173.000			
7024	171.000			
7025	171.000			
7026	167.000			
7027	161.000			
7028	161.000			
7029	154.000			
7030	154.000			
7031	144.000			
7032	144.000			
7033	135.000			
7034	126.000			
7035	126.000			
7036	118.000			
7037	118.000			
7038	113.000			
7039	109.000			
7040	109.000			
7041	108.000			
7042	108.000			
7043	107.000			
7044	107.000			
7045	107.000			
7046	106.000			
7047	106.000			
7048	103.000			
7049	103.000			
7050	100.000			
7051	96.000			
7052	96.000			
7053	92.000			
7054	92.000			
7055	88.000			
7056	84.000			
7057	84.000			
7058	80.000			
7059	80.000			
7060	76.000			
7061	76.000			
7062	71.000			
7063	66.000			
7064	66.000			
7065	62.000			
7066	62.000			
7067	58.000			
7068	55.000			
7069	55.000			
7070	54.000			
7071	54.000			
7072	53.000			
7073	53.000			
7074	53.000			
7075	53.000			
7076	53.000			
7077	52.000			
7078	52.000			
7079	52.000			
7080	51.000			
7081	51.000			
7082	50.000			
7083	50.000			
7084	49.000			
7085	49.000			
7086	49.000			
7087	48.000			
7088	48.000			
7089	48.000			
7090	48.000			
7091	47.000			
7092	47.000			
7093	47.000			
7094	46.000			
7095	46.000			
7096	45.000			
7097	44.000			
7098	44.000			
7099	43.000			
7100	43.000			
7101	42.000			
7102	42.000			
7103	41.000			
7104	41.000			
7105	41.000			
7106	42.000			
7107	42.000			
7108	43.000			
7109	46.000			
7110	46.000			
7111	50.000			
7112	50.000			
7113	54.000			
7114	54.000			
7115	60.000			
7116	66.000			
7117	66.000			
7118	75.000			
7119	75.000			
7120	86.000			
7121	100.000			
7122	100.000			
7123	116.000			
7124	116.000			
7125	132.000			
7126	147.000			
7127	147.000			
7128	160.000			
7129	160.000			
7130	170.000			
7131	170.000			
7132	176.000			
7133	180.000			
7134	180.000			
7135	181.000			
7136	181.000			
7137	180.000			
7138	179.000			
7139	179.000			
7140	177.000			
7141	177.000			
7142	175.000			
7143	175.000			
7144	172.000			
7145	169.000			
7146	169.000			
7147	164.000			
7148	164.000			
7149	157.000			
7150	149.000			
7151	149.000			
7152	141.000			
7153	141.000			
7154	133.000			
7155	127.000			
7156	127.000			
7157	123.000			
7158	123.000			
7159	120.000			
7160	120.000			
7161	120.000			
7162	120.000			
7163	120.000			
7164	119.000			
7165	119.000			
7166	117.000			
7167	113.000			
7168	113.000			
7169	108.000			
7170	108.000			
7171	102.000			
7172	102.000			
7173	96.000			
7174	91.000			
7175	91.000			
7176	86.000			
7177	86.000			
7178	82.000			
7179	79.000			
7180	79.000			
7181	76.000			
7182	76.000			
7183	74.000			
7184	72.000			
7185	72.000			
7186	71.000			
7187	71.000			
7188	71.000			
7189	71.000			
7190	72.000			
7191	74.000			
7192	74.000			
7193	75.000			
7194	75.000			
7195	77.000			
7196	77.000			
7197	77.000			
7198	77.000			
7199	77.000			
7200	77.000			
7201	77.000			
7202	75.000			
7203	73.000			
7204	73.000			
7205	71.000			
7206	71.000			
7207	67.000			
7208	64.000			
7209	64.000			
7210	62.000			
7211	62.000			
7212	60.000			
7213	58.000			
7214	58.000			
7215	57.000			
7216	57.000			
7217	57.000			
7218	57.000			
7219	56.000			
7220	56.000			
7221	56.000			
7222	56.000			
7223	56.000			
7224	57.000			
7225	58.000			
7226	58.000			
7227	60.000			
7228	60.000			
7229	64.000			
7230	64.000			
7231	68.000			
7232	75.000			
7233	75.000			
7234	84.000			
7235	84.000			
7236	96.000			
7237	111.000			
7238	111.000			
7239	129.000			
7240	129.000			
7241	146.000			
7242	146.000			
7243	162.000			
7244	175.000			
7245	175.000			
7246	183.000			
7247	183.000			
7248	187.000			
7249	186.000			
7250	186.000			
7251	184.000			
7252	184.000			
7253	180.000			
7254	178.000			
7255	178.000			
7256	176.000			
7257	176.000			
7258	174.000			
7259	174.000			
7260	171.000			
7261	167.000			
7262	167.000			
7263	160.000			
7264	160.000			
7265	152.000			
7266	144.000			
7267	144.000			
7268	137.000			
7269	137.000			
7270	131.000			
7271	131.000			
7272	126.000			
7273	123.000			
7274	123.000			
7275	119.000			
7276	119.000			
7277	116.000			
7278	111.000			
7279	111.000			
7280	105.000			
7281	105.000			
7282	100.000			
7283	94.000			
7284	94.000			
7285	89.000			
7286	89.000			
7287	83.000			
7288	83.000			
7289	76.000			
7290	69.000			
7291	69.000			
7292	62.000			
7293	62.000			
7294	54.000			
7295	48.000			
7296	48.000			
7297	44.000			
7298	44.000			
7299	41.000			
7300	41.000			
7301	41.000			
7302	41.000			
7303	41.000			
7304	43.000			
7305	43.000			
7306	46.000			
7307	51.000			
7308	51.000			
7309	56.000			
7310	56.000			
7311	61.000			
7312	65.000			
7313	65.000			
7314	68.000			
7315	68.000			
7316	69.000			
7317	69.000			
7318	67.000			
7319	64.000			
7320	64.000			
7321	61.000			
7322	61.000			
7323	57.000			
7324	56.000			
7325	56.000			
7326	56.000			
7327	56.000			
7328	58.000			
7329	58.000			
7330	61.000			
7331	63.000			
7332	63.000			
7333	66.000			
7334	66.000			
7335	70.000			
7336	74.000			
7337	74.000			
7338	80.000			
7339	80.000			
7340	88.000			
7341	100.000			
7342	100.000			
7343	113.000			
7344	113.000			
7345	128.000			
7346	128.000			
7347	142.000			
7348	155.000			
7349	155.000			
7350	166.000			
7351	166.000			
7352	173.000			
7353	177.000			
7354	177.000			
7355	177.000			
7356	177.000			
7357	173.000			
7358	173.000			
7359	168.000			
7360	160.000			
7361	160.000			
7362	152.000			
7363	152.000			
7364	144.000			
7365	136.000			
7366	136.000			
7367	128.000			
7368	128.000			
7369	120.000			
7370	120.000			
7371	113.000			
7372	108.000			
7373	108.000			
7374	103.000			
7375	103.000			
7376	101.000			
7377	100.000			
7378	100.000			
7379	100.000			
7380	100.000			
7381	100.000			
7382	99.000			
7383	99.000			
7384	97.000			
7385	97.000			
7386	94.000			
7387	94.000			
7388	91.000			
7389	87.000			
7390	87.000			
7391	84.000			
7392	84.000			
7393	81.000			
7394	79.000			
7395	79.000			
7396	77.000			
7397	77.000			
7398	76.000			
7399	76.000			
7400	75.000			
7401	73.000			
7402	73.000			
7403	71.000			
7404	71.000			
7405	67.000			
7406	64.000			
7407	64.000			
7408	61.000			
7409	61.000			
7410	59.000			
7411	58.000			
7412	58.000			
7413	59.000			
7414	59.000			
7415	60.000			
7416	60.000			
7417	60.000			
7418	60.000			
7419	60.000			
7420	60.000			
7421	60.000			
7422	59.000			
7423	59.000			
7424	59.000			
7425	60.000			
7426	60.000			
7427	61.000			
7428	61.000			
7429	64.000			
7430	66.000			
7431	66.000			
7432	69.000			
7433	69.000			
7434	74.000			
7435	80.000			
7436	80.000			
7437	88.000			
7438	88.000			
7439	99.000			
7440	112.000			
7441	112.000			
7442	125.000			
7443	125.000			
7444	136.000			
7445	136.000			
7446	146.000			
7447	152.000			
7448	152.000			
7449	156.000			
7450	156.000			
7451	157.000			
7452	157.000			
7453	157.000			
7454	157.000			
7455	157.000			
7456	157.000			
7457	157.000			
7458	155.000			
7459	152.000			
7460	152.000			
7461	147.000			
7462	147.000			
7463	139.000			
7464	131.000			
7465	131.000			
7466	123.000			
7467	123.000			
7468	116.000			
7469	111.000			
7470	111.000			
7471	108.000			
7472	108.000			
7473	107.000			
7474	107.000			
7475	106.000			
7476	106.000			
7477	106.000			
7478	104.000			
7479	104.000			
7480	102.000			
7481	100.000			
7482	100.000			
7483	97.000			
7484	97.000			
7485	93.000			
7486	93.000			
7487	89.000			
7488	85.000			
7489	85.000			
7490	82.000			
7491	82.000			
7492	80.000			
7493	78.000			
7494	78.000			
7495	76.000			
7496	76.000			
7497	73.000			
7498	70.000			
7499	70.000			
7500	66.000			
7501	66.000			
7502	63.000			
7503	63.000			
7504	61.000			
7505	60.000			
7506	60.000			
7507	60.000			
7508	60.000			
7509	59.000			
7510	59.000			
7511	59.000			
7512	59.000			
7513	59.000			
7514	58.000			
7515	58.000			
7516	56.000			
7517	54.000			
7518	54.000			
7519	53.000			
7520	53.000			
7521	52.000			
7522	53.000			
7523	53.000			
7524	54.000			
7525	54.000			
7526	55.000			
7527	55.000			
7528	57.000			
7529	58.000			
7530	58.000			
7531	60.000			
7532	60.000			
7533	63.000			
7534	69.000			
7535	69.000			
7536	78.000			
7537	78.000			
7538	91.000			
7539	106.000			
7540	106.000			
7541	122.000			
7542	122.000			
7543	136.000			
7544	136.000			
7545	149.000			
7546	158.000			
7547	158.000			
7548	163.000			
7549	163.000			
7550	167.000			
7551	169.000			
7552	169.000			
7553	170.000			
7554	170.000			
7555	171.000			
7556	171.000			
7557	172.000			
7558	172.000			
7559	172.000			
7560	170.000			
7561	170.000			
7562	168.000			
7563	165.000			
7564	165.000			
7565	160.000			
7566	160.000			
7567	154.000			
7568	148.000			
7569	148.000			
7570	142.000			
7571	142.000			
7572	136.000			
7573	136.000			
7574	131.000			
7575	128.000			
7576	128.000			
7577	127.000			
7578	127.000			
7579	125.000			
7580	123.000			
7581	123.000			
7582	120.000			
7583	120.000			
7584	117.000			
7585	117.000			
7586	112.000			
7587	108.000			
7588	108.000			
7589	103.000			
7590	103.000			
7591	98.000			
7592	94.000			
7593	94.000			
7594	89.000			
7595	89.000			
7596	84.000			
7597	80.000			
7598	80.000			
7599	75.000			
7600	75.000			
7601	71.000			
7602	71.000			
7603	68.000			
7604	66.000			
7605	66.000			
7606	64.000			
7607	64.000			
7608	63.000			
7609	62.000			
7610	62.000			
7611	61.000			
7612	61.000			
7613	60.000			
7614	60.000			
7615	58.000			
7616	57.000			
7617	57.000			
7618	56.000			
7619	56.000			
7620	54.000			
7621	53.000			
7622	53.000			
7623	52.000			
7624	52.000			
7625	51.000			
7626	50.000			
7627	50.000			
7628	49.000			
7629	49.000			
7630	49.000			
7631	49.000			
7632	49.000			
7633	48.000			
7634	48.000			
7635	47.000			
7636	47.000			
7637	46.000			
7638	44.000			
7639	44.000			
7640	43.000			
7641	43.000			
7642	43.000			
7643	43.000			
7644	43.000			
7645	45.000			
7646	45.000			
7647	48.000			
7648	48.000			
7649	51.000			
7650	54.000			
7651	54.000			
7652	55.000			
7653	55.000			
7654	56.000			
7655	56.000			
7656	57.000			
7657	57.000			
7658	57.000			
7659	57.000			
7660	57.000			
7661	58.000			
7662	60.000			
7663	60.000			
7664	62.000			
7665	62.000			
7666	64.000			
7667	66.000			
7668	66.000			
7669	67.000			
7670	67.000			
7671	68.000			
7672	68.000			
7673	68.000			
7674	68.000			
7675	68.000			
7676	69.000			
7677	69.000			
7678	69.000			
7679	70.000			
7680	70.000			
7681	70.000			
7682	70.000			
7683	70.000			
7684	70.000			
7685	70.000			
7686	71.000			
7687	71.000			
7688	71.000			
7689	71.000			
7690	73.000			
7691	75.000			
7692	75.000			
7693	77.000			
7694	77.000			
7695	78.000			
7696	79.000			
7697	79.000			
7698	80.000			
7699	80.000			
7700	81.000			
7701	81.000			
7702	81.000			
7703	82.000			
7704	82.000			
7705	83.000			
7706	83.000			
7707	84.000			
7708	85.000			
7709	85.000			
7710	86.000			
7711	86.000			
7712	87.000			
7713	87.000			
7714	87.000			
7715	87.000			
7716	87.000			
7717	87.000			
7718	87.000			
7719	86.000			
7720	86.000			
7721	86.000			
7722	86.000			
7723	86.000			
7724	87.000			
7725	88.000			
7726	88.000			
7727	89.000			
7728	89.000			
7729	89.000			
7730	89.000			
7731	90.000			
7732	90.000			
7733	90.000			
7734	91.000			
7735	91.000			
7736	92.000			
7737	93.000			
7738	93.000			
7739	96.000			
7740	96.000			
7741	101.000			
7742	101.000			
7743	110.000			
7744	124.000			
7745	124.000			
7746	143.000			
7747	143.000			
7748	165.000			
7749	188.000			
7750	188.000			
7751	208.000			
7752	208.000			
7753	225.000			
7754	236.000			
7755	236.000			
7756	243.000			
7757	243.000			
7758	246.000			
7759	246.000			
7760	247.000			
7761	245.000			
7762	245.000			
7763	242.000			
7764	242.000			
7765	238.000			
7766	232.000			
7767	232.000			
7768	225.000			
7769	225.000			
7770	217.000			
7771	217.000			
7772	208.000			
7773	200.000			
7774	200.000			
7775	192.000			
7776	192.000			
7777	184.000			
7778	177.000			
7779	177.000			
7780	169.000			
7781	169.000			
7782	162.000			
7783	162.000			
7784	155.000			
7785	148.000			
7786	148.000			
7787	141.000			
7788	141.000			
7789	135.000			
7790	130.000			
7791	130.000			
7792	126.000			
7793	126.000			
7794	124.000			
7795	122.000			
7796	122.000			
7797	120.000			
7798	120.000			
7799	119.000			
7800	119.000			
7801	117.000			
7802	115.000			
7803	115.000			
7804	111.000			
7805	111.000			
7806	108.000			
7807	103.000			
7808	103.000			
7809	97.000			
7810	97.000			
7811	91.000			
7812	91.000			
7813	85.000			
7814	79.000			
7815	79.000			
7816	73.000			
7817	73.000			
7818	68.000			
7819	64.000			
7820	64.000			
7821	60.000			
7822	60.000			
7823	57.000			
7824	54.000			
7825	54.000			
7826	51.000			
7827	51.000			
7828	48.000			
7829	48.000			
7830	47.000			
7831	46.000			
7832	46.000			
7833	46.000			
7834	46.000			
7835	47.000			
7836	49.000			
7837	49.000			
7838	52.000			
7839	52.000			
7840	55.000			
7841	55.000			
7842	60.000			
7843	66.000			
7844	66.000			
7845	74.000			
7846	74.000			
7847	84.000			
7848	97.000			
7849	97.000			
7850	110.000			
7851	110.000			
7852	123.000			
7853	135.000			
7854	135.000			
7855	144.000			
7856	144.000			
7857	150.000			
7858	150.000			
7859	152.000			
7860	152.000			
7861	152.000			
7862	150.000			
7863	150.000			
7864	147.000			
7865	143.000			
7866	143.000			
7867	139.000			
7868	139.000			
7869	135.000			
7870	135.000			
7871	131.000			
7872	127.000			
7873	127.000			
7874	122.000			
7875	122.000			
7876	116.000			
7877	110.000			
7878	110.000			
7879	103.000			
7880	103.000			
7881	96.000			
7882	90.000			
7883	90.000			
7884	85.000			
7885	85.000			
7886	81.000			
7887	81.000			
7888	80.000			
7889	80.000			
7890	80.000			
7891	80.000			
7892	80.000			
7893	81.000			
7894	82.000			
7895	82.000			
7896	82.000			
7897	82.000			
7898	81.000			
7899	81.000			
7900	80.000			
7901	78.000			
7902	78.000			
7903	76.000			
7904	76.000			
7905	74.000			
7906	73.000			
7907	73.000			
7908	71.000			
7909	71.000			
7910	69.000			
7911	69.000			
7912	68.000			
7913	66.000			
7914	66.000			
7915	63.000			
7916	63.000			
7917	61.000			
7918	59.000			
7919	59.000			
7920	56.000			
7921	56.000			
7922	54.000			
7923	53.000			
7924	53.000			
7925	52.000			
7926	52.000			
7927	51.000			
7928	51.000			
7929	50.000			
7930	49.000			
7931	49.000			
7932	49.000			
7933	49.000			
7934	50.000			
7935	50.000			
7936	50.000			
7937	52.000			
7938	52.000			
7939	53.000			
7940	53.000			
7941	54.000			
7942	57.000			
7943	57.000			
7944	60.000			
7945	60.000			
7946	66.000			
7947	74.000			
7948	74.000			
7949	86.000			
7950	86.000			
7951	101.000			
7952	117.000			
7953	117.000			
7954	133.000			
7955	133.000			
7956	147.000			
7957	147.000			
7958	157.000			
7959	163.000			
7960	163.000			
7961	166.000			
7962	166.000			
7963	166.000			
7964	165.000			
7965	165.000			
7966	163.000			
7967	163.000			
7968	162.000			
7969	162.000			
7970	160.000			
7971	159.000			
7972	159.000			
7973	158.000			
7974	158.000			
7975	156.000			
7976	152.000			
7977	152.000			
7978	147.000			
7979	147.000			
7980	141.000			
7981	133.000			
7982	133.000			
7983	126.000			
7984	126.000			
7985	118.000			
7986	118.000			
7987	112.000			
7988	106.000			
7989	106.000			
7990	102.000			
7991	102.000			
7992	99.000			
7993	98.000			
7994	98.000			
7995	97.000			
7996	97.000			
7997	96.000			
7998	96.000			
7999	94.000			
8000	91.000			
8001	91.000			
8002	88.000			
8003	88.000			
8004	84.000			
8005	81.000			
8006	81.000			
8007	79.000			
8008	79.000			
8009	78.000			
8010	77.000			
8011	77.000			
8012	75.000			
8013	75.000			
8014	73.000			
8015	73.000			
8016	71.000			
8017	67.000			
8018	67.000			
8019	64.000			
8020	64.000			
8021	61.000			
8022	59.000			
8023	59.000			
8024	58.000			