1	97
2	97
3	97
4	97
5	97
6	97
7	97
8	97
9	97
10	97
11	97
12	97
13	97
14	97
15	97
16	97
17	97
18	97
19	97
20	97
21	97
22	97
23	97
24	97
25	97
26	97
27	97
28	97
29	97
30	97
31	97
32	97
33	97
34	97
35	97
36	97
37	97
38	97
39	97
40	97
41	97
42	97
43	97
44	97
45	97
46	97
47	97
48	97
49	97
50	97
51	97
52	97
53	97
54	97
55	97
56	97
57	97
58	97
59	97
60	97
61	97
62	97
63	97
64	97
65	97
66	97
67	97
68	97
69	97
70	97
71	97
72	97
73	97
74	97
75	97
76	97
77	97
78	97
79	97
80	97
81	97
82	97
83	97
84	97
85	97
86	97
87	97
88	97
89	97
90	97
91	97
92	97
93	97
94	97
95	97
96	97
97	97
98	97
99	97
100	97
101	97
102	97
103	97
104	97
105	97
106	97
107	97
108	97
109	97
110	97
111	97
112	97
113	97
114	97
115	97
116	97
117	97
118	97
119	97
120	97
121	97
122	97
123	97
124	97
125	97
126	97
127	97
128	97
129	97
130	97
131	97
132	97
133	97
134	97
135	97
136	97
137	97
138	97
139	97
140	97
141	97
142	97
143	97
144	97
145	97
146	97
147	97
148	97
149	97
150	97
151	97
152	97
153	97
154	97
155	97
156	97
157	97
158	97
159	97
160	97
161	97
162	97
163	97
164	97
165	97
166	97
167	97
168	97
169	97
170	97
171	98
172	98
173	98
174	98
175	98
176	98
177	98
178	98
179	98
180	98
181	98
182	98
183	98
184	98
185	98
186	98
187	98
188	98
189	98
190	98
191	98
192	98
193	98
194	98
195	98
196	98
197	98
198	98
199	98
200	98
201	98
202	98
203	98
204	98
205	98
206	98
207	98
208	98
209	98
210	98
211	98
212	98
213	98
214	98
215	98
216	98
217	98
218	98
219	98
220	98
221	98
222	98
223	98
224	98
225	98
226	98
227	98
228	98
229	98
230	98
231	98
232	98
233	98
234	98
235	98
236	98
237	98
238	98
239	98
240	98
241	98
242	98
243	98
244	98
245	98
246	98
247	98
248	98
249	98
250	98
251	98
252	98
253	98
254	98
255	98
256	98
257	98
258	98
259	98
260	98
261	98
262	98
263	98
264	98
265	98
266	98
267	98
268	98
269	98
270	98
271	98
272	98
273	98
274	98
275	98
276	98
277	98
278	98
279	98
280	98
281	98
282	98
283	98
284	98
285	98
286	98
287	97
288	97
289	97
290	97
291	97
292	97
293	97
294	97
295	97
296	97
297	97
298	97
299	97
300	97
301	97
302	97
303	97
304	97
305	97
306	97
307	97
308	97
309	97
310	97
311	97
312	97
313	97
314	97
315	97
316	97
317	97
318	97
319	97
320	97
321	97
322	97
323	97
324	97
325	97
326	97
327	97
328	97
329	97
330	97
331	97
332	97
333	97
334	97
335	97
336	97
337	97
338	97
339	97
340	97
341	97
342	97
343	97
344	97
345	97
346	97
347	97
348	97
349	97
350	97
351	97
352	97
353	97
354	97
355	97
356	97
357	97
358	97
359	97
360	97
361	97
362	97
363	97
364	97
365	97
366	97
367	97
368	97
369	97
370	97
371	97
372	97
373	97
374	97
375	97
376	97
377	97
378	97
379	97
380	97
381	97
382	97
383	97
384	97
385	97
386	97
387	97
388	97
389	97
390	97
391	97
392	97
393	97
394	97
395	97
396	97
397	97
398	97
399	97
400	97
401	97
402	97
403	97
404	97
405	97
406	97
407	97
408	97
409	97
410	97
411	97
412	97
413	97
414	97
415	97
416	97
417	97
418	97
419	97
420	97
421	97
422	97
423	97
424	97
425	97
426	97
427	97
428	97
429	97
430	97
431	97
432	97
433	97
434	97
435	97
436	97
437	96
438	96
439	96
440	96
441	96
442	96
443	96
444	96
445	96
446	96
447	96
448	96
449	96
450	96
451	96
452	96
453	96
454	96
455	96
456	96
457	96
458	96
459	96
460	96
461	96
462	96
463	96
464	96
465	96
466	96
467	96
468	96
469	96
470	96
471	96
472	96
473	96
474	96
475	96
476	96
477	96
478	96
479	96
480	96
481	96
482	96
483	96
484	96
485	96
486	96
487	96
488	96
489	96
490	96
491	96
492	96
493	96
494	96
495	96
496	96
497	96
498	96
499	96
500	96
501	96
502	96
503	96
504	96
505	96
506	96
507	96
508	96
509	96
510	96
511	96
512	96
513	96
514	96
515	96
516	96
517	96
518	96
519	96
520	96
521	96
522	96
523	96
524	96
525	96
526	96
527	96
528	96
529	96
530	96
531	96
532	96
533	96
534	96
535	96
536	96
537	96
538	96
539	96
540	96
541	96
542	96
543	96
544	96
545	96
546	96
547	96
548	96
549	96
550	96
551	96
552	96
553	96
554	96
555	96
556	96
557	96
558	96
559	96
560	96
561	96
562	96
563	96
564	96
565	96
566	96
567	96
568	96
569	96
570	96
571	96
572	96
573	96
574	96
575	96
576	96
577	96
578	96
579	96
580	96
581	96
582	96
583	96
584	96
585	96
586	96
587	96
588	96
589	96
590	96
591	96
592	96
593	96
594	96
595	96
596	96
597	96
598	96
599	96
600	96
601	96
602	96
603	96
604	96
605	96
606	96
607	95
608	95
609	95
610	95
611	95
612	95
613	95
614	95
615	95
616	95
617	95
618	95
619	95
620	95
621	95
622	95
623	95
624	95
625	95
626	95
627	95
628	95
629	95
630	95
631	95
632	95
633	95
634	95
635	95
636	95
637	95
638	95
639	95
640	95
641	95
642	95
643	95
644	95
645	95
646	95
647	95
648	95
649	95
650	95
651	95
652	95
653	95
654	95
655	95
656	95
657	95
658	95
659	95
660	95
661	95
662	95
663	95
664	95
665	95
666	95
667	95
668	95
669	95
670	95
671	95
672	95
673	95
674	95
675	95
676	95
677	95
678	95
679	95
680	95
681	95
682	95
683	95
684	95
685	95
686	95
687	95
688	95
689	95
690	95
691	95
692	95
693	95
694	95
695	95
696	95
697	95
698	95
699	95
700	95
701	95
702	95
703	95
704	95
705	95
706	95
707	95
708	95
709	95
710	95
711	95
712	95
713	95
714	95
715	95
716	95
717	95
718	95
719	95
720	95
721	95
722	95
723	95
724	95
725	95
726	95
727	95
728	95
729	95
730	95
731	95
732	95
733	95
734	95
735	95
736	95
737	95
738	95
739	95
740	95
741	95
742	95
743	95
744	95
745	95
746	95
747	95
748	95
749	95
750	95
751	95
752	95
753	95
754	95
755	95
756	95
757	95
758	95
759	95
760	95
761	95
762	95
763	95
764	95
765	95
766	95
767	95
768	95
769	95
770	95
771	95
772	95
773	95
774	95
775	95
776	95
777	95
778	95
779	95
780	95
781	95
782	95
783	95
784	95
785	95
786	95
787	95
788	95
789	95
790	95
791	95
792	95
793	95
794	95
795	95
796	95
797	95
798	95
799	95
800	95
801	95
802	95
803	95
804	95
805	95
806	95
807	95
808	95
809	95
810	94
811	94
812	94
813	94
814	94
815	94
816	94
817	94
818	94
819	94
820	94
821	94
822	94
823	94
824	94
825	94
826	94
827	94
828	94
829	94
830	94
831	94
832	94
833	94
834	94
835	94
836	94
837	94
838	94
839	94
840	94
841	94
842	94
843	94
844	94
845	94
846	94
847	94
848	94
849	94
850	94
851	94
852	94
853	94
854	94
855	94
856	94
857	94
858	94
859	94
860	94
861	94
862	94
863	94
864	94
865	94
866	94
867	94
868	94
869	94
870	94
871	94
872	94
873	94
874	94
875	94
876	94
877	94
878	94
879	94
880	94
881	94
882	94
883	94
884	94
885	94
886	94
887	94
888	94
889	94
890	94
891	94
892	94
893	94
894	94
895	94
896	94
897	94
898	94
899	94
900	94
901	94
902	94
903	94
904	94
905	94
906	94
907	94
908	94
909	94
910	94
911	94
912	94
913	94
914	94
915	94
916	94
917	94
918	94
919	94
920	94
921	94
922	94
923	94
924	94
925	94
926	94
927	93
928	93
929	93
930	93
931	93
932	93
933	93
934	93
935	93
936	93
937	93
938	93
939	93
940	93
941	93
942	93
943	93
944	93
945	93
946	93
947	93
948	93
949	93
950	93
951	93
952	93
953	93
954	93
955	93
956	93
957	93
958	93
959	93
960	93
961	93
962	93
963	93
964	93
965	93
966	93
967	93
968	93
969	93
970	93
971	93
972	93
973	93
974	93
975	93
976	93
977	93
978	93
979	93
980	93
981	93
982	93
983	93
984	93
985	93
986	93
987	93
988	93
989	93
990	93
991	93
992	93
993	93
994	93
995	93
996	93
997	93
998	93
999	93
1000	93
1001	93
1002	93
1003	93
1004	93
1005	93
1006	93
1007	93
1008	93
1009	93
1010	93
1011	93
1012	93
1013	93
1014	93
1015	93
1016	93
1017	93
1018	93
1019	93
1020	93
1021	93
1022	93
1023	93
1024	93
1025	93
1026	93
1027	93
1028	93
1029	93
1030	93
1031	93
1032	93
1033	93
1034	93
1035	93
1036	93
1037	93
1038	93
1039	93
1040	93
1041	93
1042	93
1043	93
1044	93
1045	93
1046	93
1047	93
1048	93
1049	93
1050	93
1051	93
1052	93
1053	93
1054	93
1055	93
1056	93
1057	93
1058	93
1059	93
1060	93
1061	93
1062	93
1063	93
1064	93
1065	93
1066	93
1067	93
1068	93
1069	93
1070	93
1071	93
1072	93
1073	93
1074	93
1075	93
1076	93
1077	93
1078	93
1079	93
1080	93
1081	93
1082	93
1083	93
1084	93
1085	93
1086	93
1087	93
1088	93
1089	93
1090	93
1091	93
1092	93
1093	93
1094	93
1095	93
1096	93
1097	93
1098	93
1099	93
1100	93
1101	93
1102	93
1103	93
1104	93
1105	93
1106	93
1107	93
1108	93
1109	93
1110	93
1111	93
1112	93
1113	93
1114	93
1115	93
1116	93
1117	93
1118	93
1119	93
1120	93
1121	93
1122	93
1123	93
1124	93
1125	93
1126	93
1127	93
1128	93
1129	93
1130	93
1131	93
1132	93
1133	93
1134	93
1135	93
1136	93
1137	93
1138	93
1139	93
1140	93
1141	93
1142	93
1143	93
1144	93
1145	93
1146	93
1147	93
1148	93
1149	93
1150	93
1151	93
1152	93
1153	93
1154	93
1155	93
1156	93
1157	93
1158	93
1159	93
1160	93
1161	93
1162	93
1163	93
1164	93
1165	93
1166	93
1167	93
1168	93
1169	93
1170	93
1171	93
1172	93
1173	93
1174	93
1175	93
1176	93
1177	93
1178	93
1179	93
1180	93
1181	93
1182	93
1183	93
1184	93
1185	93
1186	93
1187	93
1188	93
1189	93
1190	93
1191	93
1192	93
1193	93
1194	93
1195	93
1196	93
1197	93
1198	93
1199	93
1200	93
1201	93
1202	93
1203	93
1204	93
1205	93
1206	93
1207	93
1208	93
1209	93
1210	93
1211	93
1212	93
1213	93
1214	93
1215	93
1216	94
1217	94
1218	94
1219	94
1220	94
1221	94
1222	94
1223	94
1224	94
1225	94
1226	94
1227	94
1228	94
1229	94
1230	94
1231	94
1232	94
1233	94
1234	94
1235	94
1236	94
1237	94
1238	94
1239	94
1240	94
1241	94
1242	94
1243	94
1244	94
1245	94
1246	94
1247	94
1248	95
1249	95
1250	95
1251	95
1252	95
1253	95
1254	95
1255	95
1256	95
1257	95
1258	95
1259	95
1260	95
1261	95
1262	95
1263	95
1264	95
1265	95
1266	95
1267	95
1268	95
1269	95
1270	95
1271	95
1272	95
1273	95
1274	95
1275	95
1276	95
1277	95
1278	95
1279	95
1280	95
1281	95
1282	95
1283	95
1284	95
1285	95
1286	95
1287	95
1288	95
1289	95
1290	95
1291	96
1292	96
1293	96
1294	96
1295	96
1296	96
1297	96
1298	96
1299	96
1300	96
1301	96
1302	96
1303	96
1304	96
1305	96
1306	96
1307	96
1308	96
1309	96
1310	96
1311	96
1312	96
1313	96
1314	96
1315	96
1316	96
1317	96
1318	96
1319	96
1320	96
1321	96
1322	96
1323	96
1324	96
1325	96
1326	96
1327	96
1328	96
1329	96
1330	96
1331	96
1332	96
1333	96
1334	96
1335	96
1336	96
1337	96
1338	96
1339	96
1340	96
1341	96
1342	96
1343	96
1344	96
1345	96
1346	96
1347	96
1348	96
1349	96
1350	96
1351	96
1352	96
1353	96
1354	96
1355	97
1356	97
1357	97
1358	97
1359	97
1360	97
1361	97
1362	97
1363	97
1364	97
1365	97
1366	97
1367	97
1368	97
1369	97
1370	97
1371	97
1372	97
1373	97
1374	97
1375	97
1376	97
1377	97
1378	97
1379	97
1380	97
1381	97
1382	97
1383	97
1384	97
1385	97
1386	97
1387	97
1388	97
1389	97
1390	97
1391	97
1392	97
1393	97
1394	97
1395	97
1396	97
1397	97
1398	97
1399	97
1400	97
1401	97
1402	97
1403	97
1404	97
1405	97
1406	97
1407	97
1408	97
1409	97
1410	97
1411	97
1412	97
1413	97
1414	97
1415	97
1416	97
1417	97
1418	97
1419	97
1420	97
1421	97
1422	97
1423	97
1424	97
1425	97
1426	97
1427	97
1428	97
1429	97
1430	97
1431	97
1432	97
1433	97
1434	97
1435	97
1436	97
1437	97
1438	97
1439	97
1440	97
1441	97
1442	97
1443	97
1444	97
1445	97
1446	97
1447	97
1448	97
1449	97
1450	97
1451	97
1452	97
1453	97
1454	97
1455	97
1456	97
1457	97
1458	97
1459	97
1460	97
1461	97
1462	97
1463	97
1464	97
1465	97
1466	97
1467	97
1468	97
1469	97
1470	97
1471	97
1472	97
1473	97
1474	97
1475	97
1476	97
1477	97
1478	97
1479	97
1480	97
1481	97
1482	97
1483	98
1484	98
1485	98
1486	98
1487	98
1488	98
1489	98
1490	98
1491	98
1492	98
1493	98
1494	98
1495	98
1496	98
1497	98
1498	98
1499	98
1500	98
1501	98
1502	98
1503	98
1504	98
1505	98
1506	98
1507	98
1508	98
1509	98
1510	98
1511	98
1512	98
1513	98
1514	98
1515	98
1516	98
1517	98
1518	98
1519	98
1520	98
1521	98
1522	98
1523	98
1524	98
1525	98
1526	98
1527	98
1528	98
1529	98
1530	98
1531	98
1532	98
1533	98
1534	98
1535	98
1536	98
1537	98
1538	98
1539	98
1540	98
1541	98
1542	98
1543	98
1544	98
1545	98
1546	98
1547	98
1548	98
1549	98
1550	98
1551	98
1552	98
1553	98
1554	98
1555	98
1556	98
1557	98
1558	98
1559	98
1560	98
1561	98
1562	98
1563	98
1564	98
1565	98
1566	98
1567	98
1568	98
1569	98
1570	98
1571	98
1572	98
1573	98
1574	98
1575	98
1576	98
1577	98
1578	98
1579	98
1580	98
1581	98
1582	98
1583	98
1584	98
1585	98
1586	98
1587	98
1588	98
1589	98
1590	98
1591	98
1592	98
1593	98
1594	98
1595	98
1596	98
1597	98
1598	98
1599	98
1600	98
1601	98
1602	98
1603	98
1604	98
1605	98
1606	98
1607	98
1608	98
1609	98
1610	98
1611	98
1612	98
1613	98
1614	98
1615	98
1616	98
1617	98
1618	98
1619	98
1620	98
1621	98
1622	98
1623	98
1624	98
1625	98
1626	98
1627	98
1628	98
1629	98
1630	98
1631	98
1632	98
1633	98
1634	98
1635	98
1636	98
1637	98
1638	98
1639	98
1640	98
1641	98
1642	98
1643	98
1644	98
1645	98
1646	98
1647	98
1648	98
1649	98
1650	98
1651	98
1652	98
1653	98
1654	98
1655	98
1656	98
1657	98
1658	98
1659	98
1660	98
1661	98
1662	98
1663	98
1664	98
1665	98
1666	98
1667	98
1668	98
1669	98
1670	98
1671	98
1672	98
1673	98
1674	98
1675	98
1676	98
1677	98
1678	98
1679	98
1680	98
1681	98
1682	98
1683	98
1684	98
1685	98
1686	98
1687	98
1688	98
1689	98
1690	98
1691	98
1692	98
1693	98
1694	98
1695	98
1696	98
1697	98
1698	98
1699	98
1700	98
1701	98
1702	98
1703	98
1704	98
1705	98
1706	98
1707	98
1708	98
1709	98
1710	98
1711	98
1712	98
1713	98
1714	98
1715	98
1716	98
1717	98
1718	98
1719	98
1720	98
1721	98
1722	98
1723	98
1724	98
1725	98
1726	98
1727	98
1728	98
1729	98
1730	98
1731	98
1732	98
1733	98
1734	98
1735	98
1736	98
1737	98
1738	98
1739	98
1740	98
1741	98
1742	98
1743	98
1744	98
1745	98
1746	98
1747	98
1748	98
1749	98
1750	98
1751	98
1752	98
1753	98
1754	98
1755	98
1756	98
1757	98
1758	98
1759	98
1760	98
1761	98
1762	98
1763	98
1764	98
1765	98
1766	98
1767	98
1768	98
1769	98
1770	98
1771	98
1772	98
1773	98
1774	98
1775	98
1776	98
1777	98
1778	98
1779	98
1780	98
1781	98
1782	98
1783	98
1784	98
1785	98
1786	98
1787	98
1788	98
1789	98
1790	98
1791	98
1792	98
1793	98
1794	98
1795	98
1796	98
1797	98
1798	98
1799	98
1800	98
