1	97
2	97
3	97
4	97
5	97
6	97
7	97
8	97
9	97
10	97
11	97
12	97
13	97
14	97
15	97
16	97
17	97
18	97
19	97
20	97
21	97
22	97
23	97
24	97
25	97
26	97
27	97
28	97
29	97
30	97
31	97
32	97
33	97
34	97
35	97
36	97
37	97
38	97
39	97
40	97
41	97
42	97
43	97
44	97
45	97
46	97
47	97
48	97
49	97
50	97
51	97
52	97
53	97
54	97
55	97
56	97
57	97
58	97
59	97
60	97
61	97
62	97
63	97
64	97
65	97
66	97
67	97
68	97
69	97
70	97
71	97
72	97
73	97
74	97
75	97
76	97
77	97
78	97
79	97
80	97
81	97
82	97
83	97
84	97
85	97
86	97
87	97
88	97
89	97
90	97
91	97
92	97
93	97
94	97
95	97
96	97
97	97
98	97
99	97
100	97
101	97
102	97
103	97
104	97
105	97
106	97
107	97
108	97
109	97
110	97
111	97
112	97
113	97
114	97
115	97
116	97
117	97
118	97
119	97
120	97
121	97
122	97
123	97
124	97
125	97
126	98
127	98
128	98
129	98
130	98
131	98
132	98
133	98
134	98
135	98
136	98
137	98
138	98
139	98
140	98
141	98
142	98
143	98
144	98
145	98
146	98
147	98
148	98
149	98
150	98
151	98
152	98
153	98
154	98
155	98
156	98
157	98
158	98
159	98
160	98
161	98
162	98
163	98
164	98
165	98
166	98
167	98
168	98
169	98
170	98
171	98
172	98
173	98
174	98
175	98
176	98
177	98
178	98
179	98
180	98
181	98
182	98
183	98
184	98
185	98
186	98
187	98
188	98
189	98
190	98
191	98
192	98
193	98
194	98
195	98
196	98
197	98
198	98
199	98
200	98
201	98
202	98
203	98
204	98
205	98
206	98
207	98
208	98
209	98
210	98
211	98
212	98
213	98
214	98
215	98
216	98
217	98
218	98
219	98
220	98
221	98
222	98
223	98
224	98
225	98
226	98
227	98
228	98
229	98
230	98
231	98
232	98
233	98
234	98
235	98
236	98
237	98
238	98
239	98
240	98
241	98
242	98
243	98
244	98
245	98
246	98
247	98
248	98
249	98
250	98
251	98
252	98
253	97
254	97
255	97
256	97
257	97
258	97
259	97
260	97
261	97
262	97
263	97
264	97
265	97
266	97
267	97
268	97
269	97
270	97
271	97
272	97
273	97
274	97
275	97
276	97
277	97
278	97
279	97
280	97
281	97
282	97
283	97
284	97
285	97
286	97
287	97
288	97
289	97
290	97
291	97
292	97
293	97
294	97
295	97
296	97
297	97
298	97
299	97
300	97
301	97
302	97
303	97
304	97
305	97
306	97
307	97
308	97
309	97
310	97
311	97
312	97
313	97
314	97
315	97
316	97
317	97
318	97
319	97
320	97
321	97
322	97
323	97
324	97
325	97
326	97
327	97
328	97
329	97
330	97
331	97
332	97
333	97
334	97
335	97
336	97
337	97
338	97
339	97
340	97
341	97
342	97
343	97
344	97
345	97
346	97
347	97
348	97
349	97
350	97
351	97
352	97
353	97
354	97
355	97
356	97
357	97
358	97
359	97
360	97
361	97
362	97
363	97
364	97
365	97
366	97
367	97
368	97
369	97
370	97
371	97
372	97
373	97
374	97
375	97
376	97
377	97
378	97
379	97
380	97
381	97
382	97
383	97
384	97
385	97
386	97
387	97
388	97
389	97
390	97
391	97
392	97
393	97
394	97
395	97
396	97
397	97
398	97
399	97
400	97
401	97
402	97
403	97
404	97
405	97
406	97
407	97
408	97
409	97
410	97
411	97
412	97
413	97
414	97
415	97
416	97
417	97
418	97
419	97
420	97
421	97
422	97
423	97
424	97
425	97
426	97
427	97
428	97
429	97
430	97
431	97
432	97
433	97
434	97
435	97
436	97
437	97
438	97
439	97
440	97
441	97
442	97
443	97
444	97
445	96
446	96
447	96
448	96
449	96
450	96
451	96
452	96
453	96
454	96
455	96
456	96
457	96
458	96
459	96
460	96
461	96
462	96
463	96
464	96
465	96
466	96
467	96
468	96
469	96
470	96
471	96
472	96
473	96
474	96
475	96
476	96
477	96
478	96
479	96
480	96
481	96
482	96
483	96
484	96
485	96
486	96
487	96
488	96
489	96
490	96
491	96
492	96
493	96
494	96
495	96
496	96
497	96
498	96
499	96
500	96
501	96
502	96
503	96
504	96
505	96
506	96
507	96
508	96
509	96
510	96
511	96
512	96
513	96
514	96
515	96
516	96
517	96
518	96
519	96
520	96
521	96
522	96
523	96
524	96
525	96
526	96
527	96
528	96
529	96
530	96
531	96
532	96
533	96
534	96
535	96
536	96
537	96
538	96
539	96
540	96
541	96
542	96
543	96
544	96
545	96
546	96
547	96
548	96
549	96
550	96
551	96
552	96
553	96
554	96
555	96
556	96
557	96
558	96
559	96
560	96
561	96
562	96
563	96
564	96
565	96
566	96
567	96
568	96
569	96
570	96
571	96
572	96
573	96
574	96
575	96
576	96
577	96
578	96
579	96
580	96
581	96
582	96
583	96
584	96
585	96
586	96
587	96
588	96
589	96
590	96
591	96
592	96
593	96
594	96
595	96
596	96
597	96
598	96
599	96
600	96
601	96
602	96
603	96
604	96
605	96
606	96
607	96
608	96
609	96
610	96
611	96
612	96
613	96
614	96
615	96
616	95
617	95
618	95
619	95
620	95
621	95
622	95
623	95
624	95
625	95
626	95
627	95
628	95
629	95
630	95
631	95
632	95
633	95
634	95
635	95
636	95
637	95
638	95
639	95
640	95
641	95
642	95
643	95
644	95
645	95
646	95
647	95
648	95
649	95
650	95
651	95
652	95
653	95
654	95
655	95
656	95
657	95
658	95
659	95
660	95
661	95
662	95
663	95
664	95
665	95
666	95
667	95
668	95
669	95
670	95
671	95
672	95
673	95
674	95
675	95
676	95
677	95
678	95
679	95
680	95
681	95
682	95
683	95
684	95
685	95
686	95
687	95
688	95
689	95
690	95
691	95
692	95
693	95
694	95
695	95
696	95
697	95
698	95
699	95
700	95
701	95
702	95
703	95
704	95
705	95
706	95
707	95
708	95
709	95
710	95
711	95
712	95
713	95
714	95
715	95
716	95
717	95
718	95
719	95
720	95
721	95
722	95
723	95
724	95
725	95
726	95
727	95
728	95
729	95
730	95
731	95
732	95
733	95
734	95
735	95
736	95
737	95
738	95
739	95
740	95
741	95
742	95
743	95
744	95
745	95
746	95
747	95
748	95
749	95
750	95
751	95
752	95
753	95
754	95
755	95
756	95
757	95
758	95
759	95
760	95
761	95
762	95
763	95
764	95
765	95
766	95
767	95
768	95
769	95
770	95
771	95
772	95
773	95
774	95
775	95
776	95
777	95
778	95
779	95
780	95
781	95
782	95
783	95
784	95
785	95
786	95
787	95
788	95
789	95
790	95
791	95
792	95
793	95
794	95
795	95
796	95
797	95
798	95
799	95
800	95
801	95
802	95
803	95
804	95
805	95
806	95
807	95
808	94
809	94
810	94
811	94
812	94
813	94
814	94
815	94
816	94
817	94
818	94
819	94
820	94
821	94
822	94
823	94
824	94
825	94
826	94
827	94
828	94
829	94
830	94
831	94
832	94
833	94
834	94
835	94
836	94
837	94
838	94
839	94
840	94
841	94
842	94
843	94
844	94
845	94
846	94
847	94
848	94
849	94
850	94
851	94
852	94
853	94
854	94
855	94
856	94
857	94
858	94
859	94
860	94
861	94
862	94
863	94
864	94
865	94
866	94
867	94
868	94
869	94
870	94
871	94
872	94
873	94
874	94
875	94
876	94
877	94
878	94
879	94
880	94
881	94
882	94
883	94
884	94
885	94
886	94
887	94
888	94
889	94
890	94
891	94
892	94
893	94
894	95
895	95
896	95
897	95
898	95
899	95
900	95
901	95
902	95
903	95
904	95
905	95
906	95
907	95
908	95
909	95
910	95
911	95
912	95
913	95
914	95
915	95
916	95
917	95
918	95
919	95
920	95
921	95
922	95
923	95
924	95
925	95
926	95
927	95
928	95
929	95
930	95
931	95
932	95
933	95
934	95
935	95
936	95
937	95
938	95
939	95
940	95
941	95
942	95
943	95
944	95
945	95
946	95
947	96
948	96
949	96
950	96
951	96
952	96
953	96
954	96
955	96
956	96
957	96
958	96
959	96
960	96
961	96
962	96
963	96
964	96
965	96
966	96
967	96
968	96
969	97
970	97
971	97
972	97
973	97
974	97
975	97
976	97
977	97
978	97
979	97
980	97
981	97
982	97
983	97
984	97
985	97
986	97
987	97
988	97
989	97
990	97
991	97
992	97
993	97
994	97
995	97
996	97
997	97
998	97
999	97
1000	97
1001	97
1002	97
1003	97
1004	97
1005	97
1006	97
1007	97
1008	97
1009	97
1010	97
1011	97
1012	97
1013	97
1014	97
1015	97
1016	97
1017	97
1018	97
1019	97
1020	97
1021	97
1022	97
1023	97
1024	97
1025	97
1026	97
1027	97
1028	97
1029	97
1030	97
1031	97
1032	97
1033	98
1034	98
1035	98
1036	98
1037	98
1038	98
1039	98
1040	98
1041	98
1042	98
1043	98
1044	98
1045	98
1046	98
1047	98
1048	98
1049	98
1050	98
1051	98
1052	98
1053	98
1054	98
1055	98
1056	98
1057	98
1058	98
1059	98
1060	98
1061	98
1062	98
1063	98
1064	98
1065	98
1066	98
1067	98
1068	98
1069	98
1070	98
1071	98
1072	98
1073	98
1074	98
1075	98
1076	98
1077	98
1078	98
1079	98
1080	98
1081	98
1082	98
1083	98
1084	98
1085	98
1086	98
1087	98
1088	98
1089	98
1090	98
1091	98
1092	98
1093	98
1094	98
1095	98
1096	98
1097	98
1098	98
1099	98
1100	98
1101	98
1102	98
1103	98
1104	98
1105	98
1106	98
1107	98
1108	98
1109	98
1110	98
1111	98
1112	98
1113	98
1114	98
1115	98
1116	98
1117	98
1118	98
1119	98
1120	98
1121	98
1122	98
1123	98
1124	98
1125	98
1126	98
1127	98
1128	98
1129	98
1130	98
1131	98
1132	98
1133	98
1134	98
1135	98
1136	98
1137	98
1138	98
1139	98
1140	98
1141	98
1142	98
1143	98
1144	98
1145	98
1146	98
1147	98
1148	98
1149	98
1150	98
1151	98
1152	98
1153	98
1154	98
1155	98
1156	98
1157	98
1158	98
1159	98
1160	98
1161	98
1162	98
1163	98
1164	98
1165	98
1166	98
1167	98
1168	98
1169	98
1170	98
1171	98
1172	98
1173	98
1174	98
1175	98
1176	98
1177	98
1178	98
1179	98
1180	98
1181	98
1182	98
1183	98
1184	98
1185	98
1186	98
1187	98
1188	98
1189	98
1190	98
1191	98
1192	98
1193	98
1194	98
1195	98
1196	98
1197	98
1198	98
1199	98
1200	98
1201	98
1202	98
1203	98
1204	98
1205	98
1206	98
1207	98
1208	98
1209	98
1210	98
1211	98
1212	98
1213	98
1214	98
1215	98
1216	98
1217	98
1218	98
1219	98
1220	98
1221	98
1222	98
1223	98
1224	98
1225	98
1226	98
1227	98
1228	98
1229	98
1230	98
1231	98
1232	98
1233	98
1234	98
1235	98
1236	98
1237	98
1238	98
1239	98
1240	98
1241	98
1242	98
1243	98
1244	98
1245	98
1246	98
1247	98
1248	98
1249	98
1250	98
1251	98
1252	98
1253	98
1254	98
1255	98
1256	98
1257	98
1258	98
1259	98
1260	98
1261	98
1262	98
1263	98
1264	98
1265	98
1266	98
1267	98
1268	98
1269	98
1270	98
1271	98
1272	98
1273	98
1274	98
1275	98
1276	98
1277	98
1278	98
1279	98
1280	98
1281	98
1282	98
1283	98
1284	98
1285	98
1286	98
1287	98
1288	98
1289	98
1290	98
1291	98
1292	98
1293	98
1294	98
1295	98
1296	98
1297	98
1298	98
1299	98
1300	98
1301	98
1302	98
1303	98
1304	98
1305	98
1306	98
1307	98
1308	98
1309	98
1310	98
1311	98
1312	98
1313	98
1314	98
1315	98
1316	98
1317	98
1318	98
1319	98
1320	98
1321	98
1322	98
1323	98
1324	98
1325	98
1326	98
1327	98
1328	98
1329	98
1330	98
1331	98
1332	98
1333	98
1334	98
1335	98
1336	98
1337	98
1338	98
1339	98
1340	98
1341	98
1342	98
1343	98
1344	98
1345	98
1346	98
1347	98
1348	98
1349	98
1350	98
1351	98
1352	98
1353	98
1354	98
1355	98
1356	98
1357	98
1358	98
1359	98
1360	98
1361	98
1362	98
1363	98
1364	98
1365	98
1366	98
1367	98
1368	98
1369	98
1370	98
1371	98
1372	98
1373	98
1374	98
1375	98
1376	98
1377	98
1378	98
1379	98
1380	98
1381	98
1382	98
1383	98
1384	98
1385	98
1386	98
1387	98
1388	98
1389	98
1390	98
1391	98
1392	98
1393	98
1394	98
1395	98
1396	98
1397	98
1398	98
1399	98
1400	98
1401	98
1402	98
1403	98
1404	98
1405	98
1406	98
1407	98
1408	98
1409	98
1410	98
1411	98
1412	98
1413	98
1414	98
1415	98
1416	98
1417	98
1418	98
1419	98
1420	98
1421	98
1422	98
1423	98
1424	98
1425	98
1426	98
1427	98
1428	98
1429	98
1430	98
1431	98
1432	98
1433	98
1434	98
1435	98
1436	98
1437	98
1438	98
1439	98
1440	98
1441	98
1442	98
1443	98
1444	98
1445	98
1446	98
1447	98
1448	98
1449	98
1450	98
1451	98
1452	98
1453	98
1454	98
1455	98
1456	98
1457	98
1458	98
1459	98
1460	98
1461	98
1462	98
1463	98
1464	98
1465	98
1466	98
1467	98
1468	98
1469	98
1470	98
1471	98
1472	98
1473	98
1474	98
1475	98
1476	98
1477	98
1478	98
1479	98
1480	98
1481	98
1482	98
1483	98
1484	98
1485	98
1486	98
1487	98
1488	98
1489	98
1490	98
1491	98
1492	98
1493	98
1494	98
1495	98
1496	98
1497	98
1498	98
1499	98
1500	98
1501	98
1502	98
1503	98
1504	98
1505	98
1506	98
1507	98
1508	98
1509	98
1510	98
1511	98
1512	98
1513	98
1514	98
1515	98
1516	98
1517	98
1518	98
1519	98
1520	98
1521	98
1522	98
1523	98
1524	98
1525	98
1526	98
1527	98
1528	98
1529	98
1530	98
1531	98
1532	98
1533	98
1534	98
1535	98
1536	98
1537	98
1538	98
1539	98
1540	98
1541	98
1542	98
1543	98
1544	98
1545	98
1546	98
1547	98
1548	98
1549	98
1550	98
1551	98
1552	98
1553	98
1554	98
1555	98
1556	98
1557	98
1558	98
1559	98
1560	98
1561	98
1562	98
1563	98
1564	98
1565	98
1566	98
1567	98
1568	98
1569	98
1570	98
1571	98
1572	98
1573	98
1574	98
1575	98
1576	98
1577	98
1578	98
1579	98
1580	98
1581	98
1582	98
1583	98
1584	98
1585	98
1586	98
1587	98
1588	98
1589	98
1590	98
1591	98
1592	98
1593	98
1594	98
1595	98
1596	98
1597	98
1598	98
1599	98
1600	98
1601	98
1602	98
1603	98
1604	98
1605	98
1606	98
1607	98
1608	98
1609	98
1610	98
1611	98
1612	98
1613	98
1614	98
1615	98
1616	98
1617	98
1618	98
1619	98
1620	98
1621	98
1622	98
1623	98
1624	98
1625	98
1626	98
1627	98
1628	98
1629	98
1630	98
1631	98
1632	98
1633	98
1634	98
1635	98
1636	98
1637	98
1638	98
1639	98
1640	98
1641	98
1642	98
1643	98
1644	98
1645	98
1646	98
1647	98
1648	98
1649	98
1650	98
1651	98
1652	98
1653	98
1654	98
1655	98
1656	98
1657	98
1658	98
1659	98
1660	98
1661	98
1662	98
1663	98
1664	98
1665	98
1666	98
1667	98
1668	98
1669	98
1670	98
1671	98
1672	98
1673	98
1674	98
1675	98
1676	98
1677	98
1678	98
1679	98
1680	98
1681	98
1682	98
1683	98
1684	98
1685	98
1686	98
1687	98
1688	98
1689	98
1690	98
1691	98
1692	98
1693	98
1694	98
1695	98
1696	98
1697	98
1698	98
1699	98
1700	98
1701	98
1702	98
1703	98
1704	98
1705	98
1706	98
1707	98
1708	98
1709	98
1710	98
1711	98
1712	98
1713	98
1714	98
1715	98
1716	98
1717	98
1718	98
1719	98
1720	98
1721	98
1722	98
1723	98
1724	98
1725	98
1726	98
1727	98
1728	98
1729	98
1730	98
1731	98
1732	98
1733	98
1734	98
1735	98
1736	98
1737	98
1738	98
1739	98
1740	98
1741	98
1742	98
1743	98
1744	98
1745	98
1746	98
1747	98
1748	98
1749	98
1750	98
1751	98
1752	98
1753	98
1754	98
1755	98
1756	98
1757	98
1758	98
1759	98
1760	98
1761	98
1762	98
1763	98
1764	98
1765	98
1766	98
1767	98
1768	98
1769	98
1770	98
1771	98
1772	98
1773	98
1774	98
1775	98
1776	98
1777	98
1778	98
1779	98
1780	98
1781	98
1782	98
1783	98
1784	98
1785	98
1786	98
1787	98
1788	98
1789	98
1790	98
1791	98
1792	98
1793	98
1794	98
1795	98
1796	98
1797	98
1798	98
1799	98
1800	98
