1	99
2	99
3	99
4	99
5	99
6	99
7	99
8	99
9	99
10	99
11	99
12	99
13	99
14	99
15	99
16	99
17	99
18	99
19	99
20	99
21	99
22	99
23	99
24	99
25	99
26	99
27	99
28	99
29	99
30	99
31	99
32	99
33	99
34	99
35	99
36	99
37	99
38	99
39	99
40	99
41	99
42	99
43	99
44	99
45	99
46	99
47	99
48	99
49	99
50	99
51	99
52	99
53	99
54	99
55	99
56	99
57	99
58	99
59	99
60	99
61	99
62	99
63	99
64	99
65	99
66	99
67	99
68	99
69	99
70	99
71	99
72	99
73	99
74	99
75	99
76	99
77	99
78	99
79	99
80	99
81	99
82	99
83	99
84	99
85	99
86	99
87	99
88	99
89	99
90	99
91	99
92	99
93	99
94	99
95	99
96	99
97	99
98	99
99	100
100	100
101	100
102	100
103	100
104	100
105	100
106	100
107	100
108	100
109	100
110	100
111	100
112	100
113	100
114	100
115	100
116	100
117	100
118	100
119	100
120	100
121	100
122	100
123	100
124	100
125	100
126	100
127	100
128	100
129	100
130	100
131	99
132	99
133	99
134	99
135	99
136	99
137	99
138	99
139	99
140	99
141	99
142	99
143	99
144	99
145	99
146	99
147	99
148	99
149	99
150	99
151	99
152	99
153	99
154	99
155	99
156	99
157	99
158	99
159	99
160	99
161	99
162	99
163	99
164	99
165	99
166	99
167	99
168	99
169	99
170	99
171	99
172	99
173	99
174	99
175	99
176	99
177	99
178	99
179	99
180	99
181	99
182	99
183	99
184	99
185	99
186	99
187	99
188	99
189	99
190	99
191	99
192	99
193	99
194	99
195	99
196	99
197	99
198	99
199	99
200	99
201	99
202	99
203	99
204	99
205	98
206	98
207	98
208	98
209	98
210	98
211	98
212	98
213	98
214	98
215	98
216	98
217	98
218	98
219	98
220	98
221	98
222	98
223	98
224	98
225	98
226	98
227	98
228	98
229	98
230	98
231	98
232	98
233	98
234	98
235	98
236	98
237	98
238	98
239	98
240	98
241	98
242	98
243	98
244	98
245	98
246	98
247	98
248	98
249	98
250	98
251	98
252	98
253	98
254	98
255	98
256	98
257	98
258	98
259	98
260	98
261	98
262	98
263	98
264	98
265	98
266	98
267	98
268	98
269	98
270	98
271	98
272	98
273	98
274	98
275	98
276	98
277	98
278	98
279	98
280	98
281	98
282	98
283	98
284	98
285	98
286	98
287	98
288	98
289	98
290	98
291	98
292	98
293	98
294	98
295	98
296	98
297	98
298	98
299	98
300	98
301	98
302	98
303	98
304	98
305	98
306	98
307	98
308	98
309	98
310	98
311	98
312	98
313	98
314	98
315	98
316	98
317	98
318	98
319	98
320	98
321	98
322	98
323	99
324	99
325	99
326	99
327	99
328	99
329	99
330	99
331	99
332	99
333	99
334	99
335	99
336	99
337	99
338	99
339	99
340	99
341	99
342	99
343	99
344	99
345	99
346	99
347	99
348	99
349	99
350	99
351	99
352	99
353	99
354	99
355	99
356	99
357	99
358	99
359	99
360	99
361	99
362	99
363	99
364	99
365	99
366	99
367	99
368	99
369	99
370	99
371	99
372	99
373	99
374	99
375	99
376	99
377	99
378	99
379	99
380	99
381	99
382	99
383	99
384	99
385	99
386	99
387	99
388	99
389	99
390	99
391	99
392	99
393	99
394	99
395	99
396	99
397	99
398	99
399	99
400	99
401	99
402	99
403	99
404	99
405	99
406	99
407	99
408	99
409	99
410	99
411	99
412	99
413	99
414	99
415	99
416	99
417	99
418	99
419	99
420	99
421	99
422	99
423	99
424	99
425	99
426	99
427	99
428	99
429	99
430	99
431	99
432	99
433	99
434	99
435	99
436	99
437	99
438	99
439	99
440	99
441	99
442	99
443	99
444	99
445	99
446	99
447	99
448	99
449	99
450	99
451	99
452	99
453	99
454	99
455	99
456	99
457	99
458	99
459	99
460	99
461	99
462	99
463	99
464	99
465	99
466	99
467	99
468	99
469	99
470	99
471	99
472	99
473	99
474	99
475	99
476	99
477	99
478	99
479	99
480	99
481	99
482	99
483	98
484	98
485	98
486	98
487	98
488	98
489	98
490	98
491	98
492	98
493	98
494	98
495	98
496	98
497	98
498	98
499	98
500	98
501	98
502	98
503	98
504	98
505	98
506	98
507	98
508	98
509	98
510	98
511	98
512	98
513	98
514	98
515	98
516	98
517	98
518	98
519	98
520	98
521	98
522	98
523	98
524	98
525	98
526	98
527	98
528	98
529	98
530	98
531	98
532	98
533	98
534	98
535	98
536	98
537	98
538	98
539	98
540	98
541	98
542	98
543	98
544	98
545	98
546	98
547	98
548	98
549	98
550	98
551	98
552	98
553	98
554	98
555	98
556	98
557	98
558	98
559	98
560	98
561	98
562	98
563	98
564	98
565	98
566	98
567	98
568	98
569	98
570	98
571	98
572	98
573	98
574	98
575	98
576	98
577	98
578	98
579	98
580	98
581	98
582	98
583	98
584	98
585	98
586	98
587	98
588	98
589	98
590	98
591	98
592	98
593	98
594	98
595	98
596	98
597	98
598	98
599	98
600	98
601	98
602	98
603	98
604	98
605	98
606	98
607	98
608	98
609	98
610	98
611	98
612	98
613	98
614	98
615	98
616	98
617	98
618	98
619	98
620	98
621	98
622	98
623	98
624	98
625	98
626	98
627	98
628	98
629	98
630	98
631	98
632	98
633	98
634	98
635	98
636	98
637	98
638	98
639	98
640	98
641	98
642	98
643	99
644	99
645	99
646	99
647	99
648	99
649	99
650	99
651	99
652	99
653	99
654	99
655	99
656	99
657	99
658	99
659	99
660	99
661	99
662	99
663	99
664	99
665	99
666	99
667	99
668	99
669	99
670	99
671	99
672	99
673	99
674	99
675	99
676	99
677	99
678	99
679	99
680	99
681	99
682	99
683	99
684	99
685	99
686	99
687	99
688	99
689	99
690	99
691	99
692	99
693	99
694	99
695	99
696	99
697	99
698	99
699	99
700	99
701	99
702	99
703	99
704	99
705	99
706	99
707	98
708	98
709	98
710	98
711	98
712	98
713	98
714	98
715	98
716	98
717	98
718	98
719	98
720	98
721	98
722	98
723	98
724	98
725	98
726	98
727	98
728	98
729	98
730	98
731	98
732	98
733	98
734	98
735	98
736	98
737	98
738	98
739	98
740	98
741	98
742	98
743	98
744	98
745	98
746	98
747	98
748	98
749	98
750	98
751	98
752	98
753	98
754	98
755	98
756	98
757	98
758	98
759	98
760	98
761	98
762	98
763	98
764	98
765	98
766	98
767	98
768	98
769	98
770	98
771	98
772	98
773	98
774	98
775	98
776	98
777	98
778	98
779	98
780	98
781	98
782	98
783	98
784	98
785	98
786	98
787	98
788	98
789	98
790	98
791	98
792	98
793	98
794	98
795	98
796	98
797	98
798	98
799	98
800	98
801	98
802	98
803	98
804	98
805	98
806	98
807	98
808	98
809	98
810	98
811	98
812	98
813	98
814	98
815	98
816	98
817	98
818	98
819	98
820	98
821	98
822	98
823	98
824	98
825	98
826	98
827	98
828	98
829	98
830	98
831	98
832	98
833	98
834	98
835	98
836	98
837	98
838	98
839	98
840	98
841	98
842	98
843	98
844	98
845	98
846	98
847	98
848	98
849	98
850	98
851	98
852	98
853	98
854	98
855	98
856	98
857	98
858	98
859	98
860	98
861	98
862	98
863	98
864	98
865	98
866	98
867	98
868	98
869	98
870	98
871	98
872	98
873	98
874	98
875	98
876	98
877	98
878	98
879	98
880	98
881	98
882	98
883	98
884	98
885	98
886	98
887	98
888	98
889	98
890	98
891	98
892	98
893	98
894	98
895	98
896	98
897	98
898	98
899	98
900	98
901	98
902	98
903	98
904	98
905	98
906	98
907	98
908	98
909	98
910	98
911	98
912	98
913	98
914	98
915	98
916	98
917	98
918	98
919	98
920	98
921	98
922	98
923	98
924	98
925	98
926	98
927	98
928	98
929	98
930	98
931	99
932	99
933	99
934	99
935	99
936	99
937	99
938	99
939	99
940	99
941	99
942	99
943	99
944	99
945	99
946	99
947	99
948	99
949	99
950	99
951	99
952	99
953	99
954	99
955	99
956	99
957	99
958	99
959	99
960	99
961	99
962	99
963	99
964	99
965	99
966	99
967	99
968	99
969	99
970	99
971	99
972	99
973	99
974	99
975	99
976	99
977	99
978	99
979	99
980	99
981	99
982	99
983	99
984	99
985	99
986	99
987	99
988	99
989	99
990	99
991	99
992	99
993	99
994	99
995	99
996	99
997	99
998	99
999	99
1000	99
1001	99
1002	99
1003	99
1004	99
1005	99
1006	100
1007	100
1008	100
1009	100
1010	100
1011	100
1012	100
1013	100
1014	100
1015	100
1016	100
1017	100
1018	100
1019	100
1020	100
1021	100
1022	100
1023	100
1024	100
1025	100
1026	100
1027	100
1028	100
1029	100
1030	100
1031	100
1032	100
1033	100
1034	100
1035	100
1036	100
1037	100
1038	100
1039	100
1040	100
1041	100
1042	100
1043	100
1044	100
1045	100
1046	100
1047	100
1048	100
1049	100
1050	100
1051	100
1052	100
1053	100
1054	100
1055	100
1056	100
1057	100
1058	100
1059	100
1060	100
1061	100
1062	100
1063	100
1064	100
1065	100
1066	100
1067	100
1068	100
1069	100
1070	100
1071	100
1072	100
1073	100
1074	100
1075	100
1076	100
1077	100
1078	100
1079	100
1080	100
1081	100
1082	100
1083	100
1084	100
1085	100
1086	100
1087	100
1088	100
1089	100
1090	100
1091	100
1092	100
1093	100
1094	100
1095	100
1096	100
1097	100
1098	100
1099	100
1100	100
1101	100
1102	100
1103	100
1104	100
1105	100
1106	100
1107	100
1108	100
1109	100
1110	100
1111	100
1112	100
1113	100
1114	100
1115	100
1116	100
1117	100
1118	100
1119	100
1120	100
1121	100
1122	100
1123	100
1124	100
1125	100
1126	100
1127	100
1128	100
1129	100
1130	100
1131	100
1132	100
1133	100
1134	100
1135	100
1136	100
1137	100
1138	100
1139	100
1140	100
1141	100
1142	100
1143	100
1144	100
1145	100
1146	100
1147	100
1148	100
1149	100
1150	100
1151	100
1152	100
1153	100
1154	100
1155	100
1156	100
1157	100
1158	100
1159	100
1160	100
1161	100
1162	100
1163	100
1164	100
1165	100
1166	100
1167	100
1168	100
1169	100
1170	100
1171	100
1172	100
1173	100
1174	100
1175	100
1176	100
1177	100
1178	100
1179	100
1180	100
1181	100
1182	100
1183	100
1184	100
1185	100
1186	100
1187	100
1188	100
1189	100
1190	100
1191	100
1192	100
1193	100
1194	100
1195	100
1196	100
1197	100
1198	100
1199	100
1200	100
1201	100
1202	100
1203	100
1204	100
1205	100
1206	100
1207	100
1208	100
1209	100
1210	100
1211	100
1212	100
1213	100
1214	100
1215	100
1216	100
1217	100
1218	100
1219	100
1220	100
1221	100
1222	100
1223	100
1224	100
1225	100
1226	100
1227	100
1228	100
1229	100
1230	100
1231	100
1232	100
1233	100
1234	100
1235	100
1236	100
1237	100
1238	100
1239	100
1240	100
1241	100
1242	100
1243	100
1244	100
1245	100
1246	100
1247	100
1248	100
1249	100
1250	100
1251	100
1252	100
1253	100
1254	100
1255	100
1256	100
1257	100
1258	100
1259	100
1260	100
1261	100
1262	100
1263	100
1264	100
1265	100
1266	100
1267	100
1268	100
1269	100
1270	100
1271	100
1272	100
1273	100
1274	100
1275	100
1276	100
1277	100
1278	100
1279	100
1280	100
1281	100
1282	100
1283	100
1284	100
1285	100
1286	100
1287	100
1288	100
1289	100
1290	100
1291	100
1292	100
1293	100
1294	100
1295	100
1296	100
1297	100
1298	100
1299	100
1300	100
1301	100
1302	100
1303	100
1304	100
1305	100
1306	100
1307	100
1308	100
1309	100
1310	100
1311	100
1312	100
1313	100
1314	100
1315	100
1316	100
1317	100
1318	100
1319	100
1320	100
1321	100
1322	100
1323	100
1324	100
1325	100
1326	100
1327	100
1328	100
1329	100
1330	100
1331	100
1332	100
1333	100
1334	100
1335	100
1336	100
1337	100
1338	100
1339	100
1340	100
1341	100
1342	100
1343	100
1344	100
1345	100
1346	100
1347	100
1348	100
1349	100
1350	100
1351	100
1352	100
1353	100
1354	100
1355	100
1356	100
1357	99
1358	99
1359	99
1360	99
1361	99
1362	99
1363	99
1364	99
1365	99
1366	99
1367	99
1368	99
1369	99
1370	99
1371	99
1372	99
1373	99
1374	99
1375	99
1376	99
1377	99
1378	99
1379	99
1380	99
1381	99
1382	99
1383	99
1384	99
1385	99
1386	99
1387	99
1388	99
1389	99
1390	99
1391	99
1392	99
1393	99
1394	99
1395	99
1396	99
1397	99
1398	99
1399	99
1400	99
1401	99
1402	99
1403	99
1404	99
1405	99
1406	99
1407	99
1408	99
1409	99
1410	99
1411	99
1412	99
1413	99
1414	99
1415	99
1416	99
1417	99
1418	99
1419	99
1420	99
1421	99
1422	99
1423	99
1424	99
1425	99
1426	99
1427	99
1428	99
1429	99
1430	99
1431	99
1432	99
1433	99
1434	99
1435	99
1436	99
1437	99
1438	99
1439	99
1440	99
1441	99
1442	99
1443	99
1444	99
1445	99
1446	99
1447	99
1448	99
1449	99
1450	99
1451	99
1452	99
1453	99
1454	99
1455	99
1456	99
1457	99
1458	99
1459	99
1460	99
1461	99
1462	99
1463	99
1464	99
1465	99
1466	99
1467	99
1468	99
1469	99
1470	99
1471	99
1472	99
1473	99
1474	99
1475	99
1476	99
1477	99
1478	99
1479	99
1480	99
1481	99
1482	99
1483	99
1484	99
1485	99
1486	99
1487	99
1488	99
1489	99
1490	99
1491	99
1492	99
1493	99
1494	99
1495	99
1496	99
1497	99
1498	99
1499	99
1500	99
1501	99
1502	99
1503	99
1504	99
1505	99
1506	99
1507	99
1508	99
1509	99
1510	99
1511	99
1512	99
1513	99
1514	99
1515	99
1516	99
1517	99
1518	99
1519	99
1520	99
1521	99
1522	99
1523	99
1524	99
1525	99
1526	99
1527	99
1528	99
1529	99
1530	99
1531	99
1532	99
1533	99
1534	99
1535	99
1536	99
1537	99
1538	99
1539	99
1540	99
1541	99
1542	99
1543	99
1544	99
1545	99
1546	99
1547	99
1548	99
1549	99
1550	99
1551	99
1552	99
1553	99
1554	99
1555	99
1556	99
1557	99
1558	99
1559	99
1560	99
1561	99
1562	99
1563	99
1564	99
1565	99
1566	99
1567	99
1568	99
1569	99
1570	99
1571	99
1572	99
1573	99
1574	99
1575	99
1576	99
1577	99
1578	99
1579	99
1580	99
1581	99
1582	99
1583	99
1584	99
1585	99
1586	99
1587	99
1588	99
1589	99
1590	99
1591	99
1592	99
1593	99
1594	99
1595	99
1596	99
1597	99
1598	99
1599	99
1600	99
1601	99
1602	99
1603	99
1604	99
1605	99
1606	99
1607	99
1608	99
1609	99
1610	99
1611	99
1612	99
1613	99
1614	99
1615	99
1616	99
1617	99
1618	99
1619	99
1620	99
1621	99
1622	99
1623	99
1624	99
1625	100
1626	100
1627	100
1628	100
1629	100
1630	100
1631	100
1632	100
1633	100
1634	100
1635	100
1636	100
1637	100
1638	100
1639	100
1640	100
1641	100
1642	100
1643	100
1644	100
1645	100
1646	100
1647	100
1648	100
1649	100
1650	100
1651	100
1652	100
1653	100
1654	100
1655	100
1656	100
1657	100
1658	100
1659	100
1660	100
1661	100
1662	100
1663	100
1664	100
1665	100
1666	100
1667	100
1668	100
1669	100
1670	100
1671	100
1672	100
1673	100
1674	100
1675	100
1676	100
1677	100
1678	100
1679	100
1680	100
1681	100
1682	100
1683	100
1684	100
1685	100
1686	100
1687	100
1688	100
1689	100
1690	100
1691	100
1692	100
1693	100
1694	100
1695	100
1696	100
1697	100
1698	100
1699	100
1700	100
1701	100
1702	100
1703	100
1704	100
1705	100
1706	100
1707	100
1708	100
1709	100
1710	100
1711	100
1712	100
1713	100
1714	100
1715	100
1716	100
1717	100
1718	100
1719	100
1720	100
1721	100
1722	100
1723	100
1724	100
1725	100
1726	100
1727	100
1728	100
1729	100
1730	100
1731	100
1732	100
1733	100
1734	100
1735	100
1736	100
1737	100
1738	100
1739	100
1740	100
1741	100
1742	100
1743	100
1744	100
1745	100
1746	100
1747	100
1748	100
1749	100
1750	100
1751	100
1752	100
1753	100
1754	100
1755	100
1756	100
1757	100
1758	100
1759	100
1760	100
1761	100
1762	100
1763	100
1764	100
1765	100
1766	100
1767	100
1768	100
1769	100
1770	100
1771	100
1772	100
1773	100
1774	100
1775	100
1776	100
1777	100
1778	100
1779	100
1780	100
1781	100
1782	100
1783	100
1784	100
1785	100
1786	100
1787	100
1788	100
1789	100
1790	100
1791	100
1792	100
1793	100
1794	100
1795	100
1796	100
1797	100
1798	100
1799	100
1800	100
