1	99
2	99
3	99
4	99
5	99
6	99
7	99
8	99
9	99
10	99
11	99
12	99
13	99
14	99
15	99
16	99
17	99
18	99
19	99
20	99
21	99
22	99
23	99
24	99
25	99
26	99
27	99
28	99
29	99
30	99
31	99
32	99
33	99
34	99
35	99
36	100
37	100
38	100
39	100
40	100
41	100
42	100
43	100
44	100
45	100
46	100
47	100
48	100
49	100
50	100
51	100
52	100
53	100
54	100
55	100
56	100
57	100
58	100
59	100
60	100
61	100
62	100
63	100
64	100
65	100
66	100
67	99
68	99
69	99
70	99
71	99
72	99
73	99
74	99
75	99
76	99
77	99
78	99
79	99
80	99
81	99
82	99
83	99
84	99
85	99
86	99
87	99
88	99
89	99
90	99
91	99
92	99
93	99
94	99
95	99
96	99
97	99
98	99
99	99
100	99
101	99
102	99
103	99
104	99
105	99
106	99
107	99
108	99
109	99
110	99
111	99
112	99
113	99
114	99
115	99
116	99
117	99
118	99
119	99
120	99
121	99
122	99
123	99
124	99
125	99
126	99
127	99
128	99
129	99
130	99
131	99
132	99
133	99
134	99
135	99
136	99
137	99
138	99
139	99
140	99
141	99
142	99
143	99
144	99
145	99
146	99
147	99
148	99
149	99
150	99
151	99
152	99
153	99
154	99
155	99
156	99
157	99
158	99
159	99
160	99
161	99
162	99
163	99
164	99
165	99
166	99
167	99
168	99
169	99
170	99
171	99
172	99
173	99
174	99
175	99
176	99
177	99
178	99
179	99
180	99
181	99
182	99
183	99
184	99
185	99
186	99
187	99
188	99
189	99
190	99
191	99
192	99
193	99
194	99
195	99
196	99
197	99
198	99
199	99
200	99
201	99
202	99
203	99
204	99
205	99
206	99
207	99
208	99
209	99
210	99
211	99
212	99
213	99
214	99
215	99
216	99
217	99
218	99
219	99
220	99
221	99
222	99
223	99
224	99
225	99
226	99
227	99
228	99
229	99
230	99
231	99
232	99
233	99
234	99
235	99
236	99
237	99
238	99
239	99
240	99
241	99
242	99
243	99
244	99
245	99
246	99
247	99
248	99
249	99
250	99
251	99
252	99
253	99
254	99
255	99
256	99
257	99
258	99
259	99
260	99
261	99
262	99
263	99
264	99
265	99
266	99
267	99
268	99
269	99
270	99
271	99
272	99
273	99
274	99
275	99
276	99
277	99
278	99
279	99
280	99
281	99
282	99
283	99
284	99
285	99
286	99
287	99
288	99
289	99
290	99
291	99
292	99
293	99
294	99
295	99
296	99
297	99
298	99
299	99
300	99
301	99
302	99
303	99
304	99
305	99
306	99
307	99
308	99
309	99
310	99
311	99
312	98
313	98
314	98
315	98
316	98
317	98
318	98
319	98
320	98
321	98
322	98
323	98
324	98
325	98
326	98
327	98
328	98
329	98
330	98
331	98
332	98
333	98
334	98
335	98
336	98
337	98
338	98
339	98
340	98
341	98
342	98
343	98
344	98
345	98
346	98
347	98
348	98
349	98
350	98
351	98
352	98
353	98
354	98
355	98
356	98
357	98
358	98
359	98
360	98
361	98
362	98
363	98
364	98
365	98
366	98
367	98
368	98
369	98
370	98
371	98
372	98
373	98
374	98
375	98
376	98
377	98
378	98
379	98
380	98
381	98
382	98
383	98
384	98
385	98
386	98
387	98
388	99
389	99
390	99
391	99
392	99
393	99
394	99
395	99
396	99
397	99
398	99
399	99
400	99
401	99
402	99
403	99
404	99
405	99
406	99
407	99
408	99
409	99
410	99
411	99
412	99
413	99
414	99
415	99
416	99
417	99
418	99
419	99
420	99
421	99
422	99
423	99
424	99
425	99
426	99
427	99
428	99
429	99
430	99
431	99
432	99
433	99
434	99
435	99
436	99
437	99
438	99
439	99
440	99
441	99
442	99
443	99
444	99
445	99
446	99
447	99
448	99
449	99
450	99
451	99
452	99
453	99
454	99
455	99
456	99
457	99
458	99
459	99
460	99
461	99
462	99
463	99
464	99
465	99
466	99
467	99
468	99
469	99
470	99
471	99
472	99
473	99
474	99
475	99
476	99
477	99
478	99
479	99
480	99
481	99
482	99
483	99
484	99
485	99
486	99
487	99
488	99
489	99
490	99
491	99
492	99
493	99
494	99
495	99
496	99
497	99
498	99
499	99
500	99
501	99
502	99
503	99
504	99
505	99
506	99
507	99
508	99
509	99
510	99
511	99
512	99
513	99
514	99
515	99
516	99
517	99
518	99
519	99
520	99
521	99
522	99
523	99
524	99
525	99
526	99
527	99
528	99
529	99
530	99
531	99
532	99
533	99
534	99
535	99
536	99
537	99
538	99
539	99
540	99
541	99
542	99
543	99
544	99
545	99
546	99
547	99
548	99
549	99
550	99
551	99
552	99
553	99
554	99
555	99
556	99
557	99
558	99
559	99
560	99
561	99
562	99
563	99
564	99
565	99
566	99
567	99
568	98
569	98
570	98
571	98
572	98
573	98
574	98
575	98
576	98
577	98
578	98
579	98
580	98
581	98
582	98
583	98
584	98
585	98
586	98
587	98
588	98
589	98
590	98
591	98
592	98
593	98
594	98
595	98
596	98
597	98
598	98
599	98
600	98
601	98
602	98
603	98
604	98
605	98
606	98
607	98
608	98
609	98
610	98
611	98
612	98
613	98
614	98
615	98
616	98
617	98
618	98
619	98
620	98
621	98
622	98
623	98
624	98
625	98
626	98
627	98
628	98
629	98
630	98
631	98
632	98
633	98
634	98
635	98
636	98
637	98
638	98
639	98
640	98
641	98
642	98
643	98
644	98
645	98
646	98
647	98
648	98
649	98
650	98
651	98
652	98
653	98
654	98
655	98
656	98
657	98
658	98
659	98
660	98
661	98
662	98
663	98
664	98
665	98
666	98
667	98
668	98
669	98
670	98
671	98
672	98
673	98
674	98
675	98
676	98
677	98
678	98
679	98
680	98
681	98
682	98
683	98
684	98
685	98
686	98
687	98
688	98
689	98
690	98
691	98
692	98
693	98
694	98
695	98
696	98
697	98
698	98
699	98
700	98
701	98
702	98
703	98
704	98
705	98
706	98
707	98
708	98
709	98
710	98
711	98
712	98
713	98
714	98
715	98
716	98
717	98
718	98
719	98
720	98
721	98
722	98
723	98
724	98
725	98
726	98
727	98
728	98
729	98
730	98
731	98
732	98
733	98
734	98
735	98
736	98
737	98
738	98
739	98
740	98
741	98
742	98
743	98
744	98
745	98
746	98
747	98
748	98
749	98
750	98
751	98
752	98
753	98
754	98
755	98
756	98
757	98
758	98
759	98
760	98
761	98
762	98
763	98
764	98
765	98
766	98
767	98
768	98
769	98
770	98
771	98
772	98
773	98
774	98
775	98
776	98
777	98
778	98
779	98
780	98
781	98
782	98
783	98
784	98
785	98
786	98
787	98
788	98
789	98
790	98
791	98
792	98
793	98
794	98
795	98
796	98
797	98
798	98
799	98
800	98
801	98
802	98
803	98
804	98
805	98
806	98
807	98
808	98
809	98
810	98
811	98
812	98
813	98
814	98
815	98
816	98
817	98
818	98
819	98
820	98
821	98
822	98
823	98
824	98
825	98
826	98
827	98
828	98
829	98
830	98
831	98
832	98
833	98
834	98
835	98
836	98
837	98
838	98
839	98
840	98
841	98
842	98
843	98
844	98
845	98
846	98
847	98
848	98
849	98
850	98
851	98
852	98
853	98
854	98
855	98
856	98
857	98
858	98
859	98
860	98
861	98
862	98
863	98
864	98
865	98
866	98
867	98
868	98
869	98
870	98
871	98
872	98
873	98
874	98
875	98
876	98
877	98
878	98
879	98
880	98
881	98
882	98
883	98
884	98
885	98
886	98
887	98
888	98
889	98
890	98
891	98
892	98
893	98
894	98
895	98
896	98
897	98
898	98
899	98
900	98
901	98
902	98
903	98
904	98
905	98
906	98
907	98
908	98
909	98
910	98
911	98
912	98
913	98
914	98
915	98
916	98
917	98
918	98
919	98
920	98
921	98
922	98
923	98
924	98
925	98
926	98
927	98
928	98
929	98
930	98
931	98
932	98
933	98
934	98
935	98
936	98
937	98
938	98
939	98
940	98
941	98
942	98
943	98
944	98
945	98
946	98
947	98
948	98
949	98
950	98
951	98
952	98
953	98
954	98
955	98
956	98
957	98
958	98
959	98
960	98
961	98
962	98
963	97
964	97
965	97
966	97
967	97
968	97
969	97
970	97
971	97
972	97
973	97
974	97
975	97
976	97
977	97
978	97
979	97
980	97
981	97
982	97
983	97
984	97
985	97
986	97
987	97
988	97
989	97
990	97
991	97
992	97
993	97
994	97
995	97
996	97
997	97
998	97
999	97
1000	97
1001	97
1002	97
1003	97
1004	97
1005	97
1006	97
1007	97
1008	97
1009	97
1010	97
1011	97
1012	97
1013	97
1014	97
1015	97
1016	97
1017	97
1018	97
1019	97
1020	97
1021	97
1022	97
1023	97
1024	97
1025	97
1026	97
1027	97
1028	98
1029	98
1030	98
1031	98
1032	98
1033	98
1034	98
1035	98
1036	98
1037	98
1038	98
1039	98
1040	98
1041	98
1042	98
1043	98
1044	98
1045	98
1046	98
1047	98
1048	98
1049	98
1050	98
1051	98
1052	98
1053	98
1054	98
1055	98
1056	98
1057	98
1058	98
1059	98
1060	98
1061	98
1062	98
1063	98
1064	98
1065	98
1066	98
1067	98
1068	98
1069	98
1070	98
1071	98
1072	98
1073	98
1074	98
1075	98
1076	98
1077	98
1078	98
1079	98
1080	98
1081	98
1082	98
1083	98
1084	98
1085	98
1086	98
1087	98
1088	98
1089	98
1090	98
1091	98
1092	98
1093	98
1094	98
1095	98
1096	98
1097	98
1098	98
1099	98
1100	98
1101	98
1102	98
1103	98
1104	98
1105	98
1106	98
1107	98
1108	98
1109	98
1110	98
1111	98
1112	98
1113	98
1114	98
1115	98
1116	98
1117	98
1118	98
1119	98
1120	98
1121	98
1122	98
1123	98
1124	98
1125	98
1126	98
1127	98
1128	98
1129	98
1130	98
1131	98
1132	98
1133	98
1134	98
1135	98
1136	98
1137	98
1138	98
1139	98
1140	98
1141	98
1142	98
1143	98
1144	98
1145	98
1146	98
1147	98
1148	98
1149	98
1150	98
1151	98
1152	98
1153	98
1154	98
1155	98
1156	98
1157	98
1158	98
1159	98
1160	98
1161	98
1162	98
1163	98
1164	98
1165	98
1166	98
1167	98
1168	98
1169	98
1170	98
1171	98
1172	98
1173	98
1174	98
1175	98
1176	98
1177	98
1178	98
1179	98
1180	98
1181	98
1182	98
1183	98
1184	98
1185	98
1186	98
1187	98
1188	98
1189	98
1190	98
1191	98
1192	98
1193	98
1194	98
1195	98
1196	98
1197	98
1198	98
1199	98
1200	98
1201	98
1202	98
1203	98
1204	98
1205	98
1206	98
1207	98
1208	98
1209	98
1210	98
1211	98
1212	98
1213	98
1214	98
1215	98
1216	98
1217	98
1218	98
1219	98
1220	98
1221	98
1222	98
1223	98
1224	98
1225	98
1226	98
1227	98
1228	98
1229	98
1230	98
1231	98
1232	98
1233	98
1234	98
1235	98
1236	98
1237	98
1238	98
1239	98
1240	98
1241	98
1242	98
1243	98
1244	98
1245	98
1246	98
1247	98
1248	98
1249	98
1250	98
1251	98
1252	98
1253	98
1254	98
1255	98
1256	98
1257	98
1258	98
1259	98
1260	98
1261	98
1262	98
1263	98
1264	98
1265	98
1266	98
1267	98
1268	98
1269	98
1270	98
1271	98
1272	97
1273	96
1274	96
1275	96
1276	96
1277	96
1278	96
1279	96
1280	96
1281	96
1282	96
1283	96
1284	96
1285	96
1286	96
1287	96
1288	96
1289	96
1290	96
1291	96
1292	96
1293	96
1294	96
1295	96
1296	96
1297	96
1298	96
1299	96
1300	96
1301	96
1302	96
1303	96
1304	96
1305	96
1306	96
1307	96
1308	96
1309	96
1310	96
1311	96
1312	96
1313	96
1314	96
1315	96
1316	96
1317	96
1318	96
1319	96
1320	96
1321	96
1322	96
1323	96
1324	96
1325	96
1326	96
1327	96
1328	96
1329	96
1330	96
1331	96
1332	96
1333	96
1334	96
1335	96
1336	96
1337	96
1338	96
1339	96
1340	96
1341	96
1342	96
1343	96
1344	96
1345	96
1346	96
1347	96
1348	96
1349	96
1350	96
1351	96
1352	96
1353	96
1354	96
1355	96
1356	96
1357	96
1358	96
1359	96
1360	96
1361	96
1362	96
1363	96
1364	96
1365	96
1366	96
1367	96
1368	96
1369	96
1370	96
1371	96
1372	96
1373	96
1374	96
1375	96
1376	96
1377	96
1378	96
1379	96
1380	96
1381	96
1382	96
1383	96
1384	96
1385	96
1386	96
1387	96
1388	96
1389	96
1390	96
1391	96
1392	96
1393	96
1394	96
1395	96
1396	96
1397	96
1398	96
1399	96
1400	96
1401	96
1402	96
1403	96
1404	96
1405	96
1406	96
1407	96
1408	96
1409	96
1410	96
1411	96
1412	96
1413	96
1414	96
1415	96
1416	96
1417	96
1418	96
1419	96
1420	96
1421	96
1422	97
1423	97
1424	97
1425	97
1426	97
1427	97
1428	97
1429	97
1430	97
1431	97
1432	97
1433	97
1434	97
1435	97
1436	97
1437	97
1438	97
1439	97
1440	97
1441	97
1442	97
1443	97
1444	98
1445	98
1446	98
1447	98
1448	98
1449	98
1450	98
1451	98
1452	98
1453	98
1454	98
1455	98
1456	98
1457	98
1458	98
1459	98
1460	98
1461	98
1462	98
1463	98
1464	98
1465	98
1466	98
1467	98
1468	98
1469	98
1470	98
1471	98
1472	98
1473	98
1474	98
1475	98
1476	98
1477	98
1478	98
1479	98
1480	98
1481	98
1482	98
1483	98
1484	98
1485	98
1486	98
1487	98
1488	98
1489	98
1490	98
1491	98
1492	98
1493	98
1494	98
1495	98
1496	98
1497	99
1498	99
1499	99
1500	99
1501	99
1502	99
1503	99
1504	99
1505	99
1506	99
1507	99
1508	99
1509	99
1510	99
1511	99
1512	99
1513	99
1514	99
1515	99
1516	99
1517	99
1518	99
1519	99
1520	99
1521	99
1522	99
1523	99
1524	99
1525	99
1526	99
1527	99
1528	99
1529	99
1530	99
1531	99
1532	99
1533	99
1534	99
1535	99
1536	99
1537	99
1538	99
1539	99
1540	99
1541	99
1542	99
1543	99
1544	99
1545	99
1546	99
1547	99
1548	99
1549	99
1550	99
1551	99
1552	99
1553	99
1554	99
1555	99
1556	99
1557	99
1558	99
1559	99
1560	99
1561	99
1562	99
1563	99
1564	99
1565	99
1566	99
1567	99
1568	99
1569	99
1570	99
1571	99
1572	99
1573	99
1574	99
1575	99
1576	99
1577	99
1578	99
1579	99
1580	99
1581	99
1582	99
1583	99
1584	99
1585	99
1586	99
1587	99
1588	99
1589	99
1590	99
1591	99
1592	99
1593	99
1594	99
1595	99
1596	99
1597	99
1598	99
1599	99
1600	99
1601	99
1602	99
1603	99
1604	99
1605	99
1606	99
1607	99
1608	99
1609	99
1610	99
1611	99
1612	99
1613	99
1614	99
1615	99
1616	99
1617	99
1618	99
1619	99
1620	99
1621	99
1622	99
1623	99
1624	99
1625	99
1626	99
1627	99
1628	99
1629	99
1630	99
1631	99
1632	99
1633	99
1634	99
1635	99
1636	99
1637	99
1638	99
1639	99
1640	99
1641	99
1642	99
1643	99
1644	99
1645	99
1646	99
1647	99
1648	99
1649	99
1650	99
1651	99
1652	99
1653	99
1654	99
1655	99
1656	99
1657	99
1658	99
1659	99
1660	99
1661	99
1662	99
1663	99
1664	99
1665	99
1666	99
1667	99
1668	99
1669	99
1670	99
1671	99
1672	99
1673	99
1674	99
1675	99
1676	99
1677	99
1678	99
1679	99
1680	99
1681	99
1682	99
1683	99
1684	99
1685	99
1686	99
1687	99
1688	99
1689	99
1690	99
1691	99
1692	99
1693	99
1694	99
1695	99
1696	99
1697	99
1698	99
1699	99
1700	99
1701	99
1702	99
1703	99
1704	99
1705	99
1706	99
1707	99
1708	99
1709	99
1710	99
1711	99
1712	99
1713	99
1714	99
1715	99
1716	99
1717	99
1718	99
1719	99
1720	99
1721	99
1722	99
1723	99
1724	99
1725	99
1726	99
1727	99
1728	99
1729	99
1730	99
1731	99
1732	99
1733	99
1734	99
1735	99
1736	99
1737	99
1738	99
1739	99
1740	99
1741	99
1742	99
1743	99
1744	99
1745	99
1746	99
1747	99
1748	99
1749	99
1750	99
1751	99
1752	99
1753	99
1754	99
1755	99
1756	99
1757	99
1758	99
1759	99
1760	99
1761	99
1762	99
1763	99
1764	99
1765	99
1766	99
1767	99
1768	99
1769	99
1770	99
1771	99
1772	99
1773	99
1774	99
1775	99
1776	99
1777	99
1778	99
1779	99
1780	99
1781	99
1782	99
1783	99
1784	99
1785	99
1786	99
1787	99
1788	99
1789	99
1790	99
1791	99
1792	99
1793	99
1794	99
1795	99
1796	99
1797	99
1798	99
1799	99
1800	99
