1	100
2	100
3	100
4	100
5	100
6	100
7	100
8	100
9	100
10	100
11	100
12	100
13	100
14	100
15	100
16	100
17	100
18	100
19	100
20	100
21	100
22	100
23	100
24	100
25	100
26	100
27	100
28	100
29	100
30	100
31	100
32	100
33	100
34	100
35	100
36	100
37	100
38	100
39	100
40	100
41	100
42	100
43	100
44	100
45	100
46	100
47	100
48	100
49	100
50	100
51	100
52	100
53	100
54	100
55	100
56	100
57	100
58	100
59	100
60	100
61	100
62	100
63	100
64	100
65	100
66	100
67	100
68	100
69	100
70	100
71	100
72	100
73	100
74	100
75	100
76	100
77	100
78	100
79	100
80	100
81	100
82	100
83	100
84	100
85	100
86	100
87	100
88	100
89	100
90	100
91	100
92	100
93	100
94	100
95	100
96	100
97	100
98	100
99	100
100	100
101	100
102	100
103	100
104	100
105	100
106	100
107	100
108	100
109	100
110	100
111	100
112	100
113	100
114	100
115	100
116	100
117	100
118	100
119	100
120	100
121	100
122	100
123	100
124	100
125	100
126	100
127	100
128	100
129	100
130	100
131	100
132	100
133	100
134	100
135	100
136	100
137	100
138	100
139	100
140	100
141	100
142	100
143	100
144	100
145	100
146	100
147	100
148	100
149	100
150	100
151	100
152	100
153	100
154	100
155	100
156	100
157	100
158	100
159	100
160	100
161	100
162	100
163	100
164	100
165	100
166	100
167	100
168	100
169	100
170	100
171	100
172	100
173	100
174	99
175	99
176	99
177	99
178	99
179	99
180	99
181	99
182	99
183	99
184	99
185	99
186	99
187	99
188	99
189	99
190	99
191	99
192	99
193	99
194	99
195	99
196	99
197	99
198	99
199	99
200	99
201	99
202	99
203	99
204	99
205	99
206	99
207	99
208	99
209	99
210	99
211	99
212	99
213	99
214	99
215	99
216	99
217	99
218	99
219	99
220	99
221	99
222	99
223	99
224	99
225	99
226	99
227	99
228	99
229	99
230	99
231	99
232	99
233	99
234	99
235	99
236	99
237	99
238	99
239	99
240	99
241	99
242	99
243	99
244	99
245	99
246	99
247	99
248	99
249	99
250	99
251	99
252	99
253	99
254	99
255	99
256	99
257	99
258	99
259	99
260	99
261	99
262	99
263	99
264	99
265	99
266	99
267	99
268	99
269	99
270	99
271	99
272	99
273	99
274	99
275	99
276	99
277	99
278	99
279	99
280	99
281	99
282	99
283	99
284	99
285	99
286	99
287	99
288	99
289	99
290	99
291	99
292	99
293	99
294	99
295	99
296	99
297	99
298	99
299	99
300	99
301	99
302	99
303	99
304	99
305	99
306	99
307	99
308	99
309	99
310	99
311	99
312	99
313	99
314	99
315	99
316	99
317	99
318	99
319	99
320	99
321	99
322	99
323	99
324	99
325	99
326	99
327	99
328	99
329	99
330	99
331	99
332	99
333	99
334	99
335	99
336	99
337	99
338	99
339	99
340	99
341	99
342	99
343	99
344	99
345	99
346	99
347	99
348	99
349	99
350	99
351	99
352	99
353	99
354	99
355	99
356	99
357	99
358	99
359	99
360	99
361	99
362	99
363	99
364	99
365	99
366	98
367	98
368	98
369	98
370	98
371	98
372	98
373	98
374	98
375	98
376	98
377	98
378	98
379	98
380	98
381	98
382	98
383	98
384	98
385	98
386	98
387	98
388	98
389	98
390	98
391	98
392	98
393	98
394	98
395	98
396	98
397	98
398	98
399	99
400	99
401	99
402	99
403	99
404	99
405	99
406	99
407	99
408	99
409	99
410	99
411	99
412	99
413	99
414	99
415	99
416	99
417	99
418	99
419	99
420	99
421	99
422	99
423	99
424	99
425	99
426	99
427	99
428	99
429	99
430	99
431	99
432	99
433	99
434	99
435	99
436	99
437	99
438	99
439	99
440	99
441	99
442	99
443	99
444	99
445	99
446	99
447	99
448	99
449	99
450	99
451	99
452	99
453	99
454	99
455	99
456	99
457	99
458	99
459	99
460	99
461	99
462	99
463	99
464	99
465	99
466	99
467	99
468	99
469	99
470	99
471	99
472	99
473	99
474	99
475	99
476	99
477	99
478	99
479	99
480	99
481	99
482	99
483	99
484	99
485	99
486	99
487	99
488	99
489	99
490	99
491	99
492	99
493	99
494	99
495	99
496	99
497	99
498	99
499	99
500	99
501	99
502	99
503	99
504	99
505	99
506	99
507	99
508	99
509	99
510	99
511	99
512	99
513	99
514	99
515	99
516	99
517	99
518	99
519	99
520	99
521	99
522	99
523	99
524	99
525	99
526	99
527	99
528	99
529	99
530	99
531	99
532	99
533	99
534	99
535	99
536	99
537	99
538	99
539	99
540	99
541	99
542	99
543	99
544	99
545	99
546	99
547	99
548	99
549	99
550	99
551	99
552	99
553	99
554	99
555	99
556	99
557	99
558	99
559	99
560	99
561	99
562	99
563	99
564	99
565	99
566	99
567	99
568	99
569	99
570	99
571	99
572	99
573	99
574	99
575	99
576	99
577	99
578	99
579	99
580	99
581	99
582	99
583	99
584	99
585	99
586	99
587	99
588	99
589	99
590	99
591	99
592	99
593	99
594	99
595	99
596	99
597	99
598	99
599	99
600	99
601	99
602	99
603	99
604	99
605	99
606	99
607	99
608	99
609	99
610	99
611	99
612	99
613	99
614	99
615	99
616	99
617	99
618	99
619	99
620	99
621	99
622	99
623	99
624	99
625	99
626	99
627	99
628	99
629	99
630	99
631	99
632	99
633	99
634	99
635	99
636	99
637	99
638	99
639	99
640	99
641	99
642	99
643	99
644	99
645	99
646	99
647	99
648	99
649	99
650	99
651	99
652	99
653	99
654	99
655	99
656	99
657	99
658	99
659	99
660	99
661	99
662	99
663	99
664	99
665	99
666	99
667	99
668	99
669	99
670	99
671	99
672	99
673	99
674	99
675	99
676	99
677	99
678	99
679	99
680	99
681	99
682	99
683	99
684	99
685	99
686	99
687	99
688	99
689	99
690	99
691	99
692	99
693	99
694	99
695	99
696	99
697	98
698	98
699	98
700	98
701	98
702	98
703	98
704	98
705	98
706	98
707	98
708	98
709	98
710	98
711	98
712	98
713	98
714	98
715	98
716	98
717	98
718	98
719	98
720	98
721	98
722	98
723	98
724	98
725	98
726	98
727	98
728	98
729	98
730	98
731	98
732	98
733	98
734	98
735	98
736	98
737	98
738	98
739	98
740	98
741	99
742	99
743	99
744	99
745	99
746	99
747	99
748	99
749	99
750	99
751	99
752	99
753	99
754	99
755	99
756	99
757	99
758	99
759	99
760	99
761	99
762	99
763	99
764	99
765	99
766	99
767	99
768	99
769	99
770	99
771	99
772	99
773	99
774	99
775	99
776	99
777	99
778	99
779	99
780	99
781	99
782	99
783	99
784	99
785	99
786	99
787	99
788	99
789	99
790	99
791	99
792	99
793	99
794	99
795	99
796	99
797	99
798	99
799	99
800	99
801	99
802	99
803	99
804	98
805	98
806	98
807	98
808	98
809	98
810	98
811	98
812	98
813	98
814	98
815	98
816	98
817	98
818	98
819	98
820	98
821	98
822	98
823	98
824	98
825	98
826	98
827	98
828	98
829	98
830	98
831	98
832	98
833	98
834	98
835	98
836	98
837	98
838	98
839	98
840	98
841	98
842	98
843	98
844	98
845	98
846	98
847	98
848	98
849	98
850	98
851	98
852	98
853	98
854	98
855	98
856	98
857	98
858	98
859	98
860	98
861	98
862	98
863	98
864	98
865	98
866	98
867	98
868	98
869	98
870	98
871	98
872	98
873	98
874	98
875	98
876	98
877	98
878	98
879	98
880	98
881	98
882	98
883	98
884	98
885	98
886	98
887	98
888	98
889	98
890	98
891	98
892	98
893	98
894	98
895	98
896	98
897	98
898	98
899	98
900	98
901	98
902	98
903	98
904	98
905	98
906	98
907	98
908	98
909	98
910	98
911	98
912	98
913	98
914	98
915	98
916	98
917	98
918	98
919	98
920	98
921	98
922	98
923	98
924	98
925	98
926	98
927	98
928	98
929	98
930	98
931	98
932	98
933	98
934	98
935	98
936	98
937	98
938	98
939	98
940	98
941	98
942	98
943	98
944	98
945	98
946	98
947	98
948	98
949	98
950	98
951	98
952	98
953	98
954	98
955	98
956	98
957	98
958	98
959	98
960	98
961	98
962	98
963	98
964	98
965	98
966	98
967	98
968	98
969	98
970	98
971	98
972	98
973	98
974	98
975	98
976	98
977	98
978	98
979	98
980	98
981	98
982	98
983	98
984	98
985	98
986	98
987	98
988	98
989	98
990	98
991	98
992	98
993	98
994	98
995	98
996	98
997	98
998	98
999	98
1000	98
1001	98
1002	98
1003	98
1004	98
1005	98
1006	98
1007	98
1008	98
1009	98
1010	98
1011	98
1012	98
1013	98
1014	98
1015	98
1016	98
1017	98
1018	98
1019	98
1020	98
1021	98
1022	98
1023	98
1024	98
1025	98
1026	98
1027	98
1028	98
1029	98
1030	98
1031	98
1032	98
1033	98
1034	98
1035	98
1036	98
1037	98
1038	98
1039	98
1040	98
1041	98
1042	98
1043	98
1044	98
1045	98
1046	98
1047	98
1048	98
1049	98
1050	98
1051	98
1052	98
1053	98
1054	98
1055	98
1056	98
1057	98
1058	98
1059	98
1060	98
1061	98
1062	98
1063	98
1064	98
1065	98
1066	98
1067	98
1068	98
1069	98
1070	98
1071	98
1072	98
1073	98
1074	98
1075	98
1076	98
1077	98
1078	98
1079	98
1080	98
1081	98
1082	98
1083	98
1084	98
1085	98
1086	98
1087	98
1088	98
1089	98
1090	98
1091	98
1092	98
1093	98
1094	98
1095	98
1096	98
1097	98
1098	98
1099	98
1100	98
1101	98
1102	98
1103	98
1104	98
1105	98
1106	98
1107	98
1108	98
1109	98
1110	98
1111	98
1112	98
1113	97
1114	97
1115	97
1116	97
1117	97
1118	97
1119	97
1120	97
1121	97
1122	97
1123	97
1124	97
1125	97
1126	97
1127	97
1128	97
1129	97
1130	97
1131	97
1132	97
1133	97
1134	97
1135	97
1136	97
1137	97
1138	97
1139	97
1140	97
1141	97
1142	97
1143	97
1144	97
1145	97
1146	97
1147	97
1148	97
1149	97
1150	97
1151	97
1152	97
1153	97
1154	97
1155	97
1156	97
1157	97
1158	97
1159	97
1160	97
1161	97
1162	97
1163	97
1164	97
1165	97
1166	97
1167	97
1168	97
1169	97
1170	97
1171	97
1172	97
1173	97
1174	97
1175	97
1176	97
1177	97
1178	97
1179	97
1180	97
1181	97
1182	97
1183	97
1184	97
1185	97
1186	97
1187	97
1188	97
1189	97
1190	97
1191	97
1192	97
1193	97
1194	97
1195	97
1196	97
1197	97
1198	96
1199	96
1200	96
1201	96
1202	96
1203	96
1204	96
1205	96
1206	96
1207	96
1208	96
1209	96
1210	96
1211	96
1212	96
1213	96
1214	96
1215	96
1216	96
1217	96
1218	96
1219	96
1220	96
1221	96
1222	96
1223	96
1224	96
1225	96
1226	96
1227	96
1228	96
1229	96
1230	96
1231	96
1232	96
1233	96
1234	96
1235	96
1236	96
1237	96
1238	96
1239	96
1240	96
1241	96
1242	96
1243	96
1244	96
1245	96
1246	96
1247	96
1248	96
1249	96
1250	96
1251	96
1252	95
1253	95
1254	95
1255	95
1256	95
1257	95
1258	95
1259	95
1260	95
1261	95
1262	95
1263	95
1264	95
1265	95
1266	95
1267	95
1268	95
1269	95
1270	95
1271	95
1272	95
1273	95
1274	95
1275	95
1276	95
1277	95
1278	95
1279	95
1280	95
1281	95
1282	95
1283	95
1284	95
1285	95
1286	95
1287	95
1288	95
1289	95
1290	95
1291	95
1292	95
1293	95
1294	95
1295	95
1296	95
1297	95
1298	95
1299	95
1300	95
1301	95
1302	95
1303	95
1304	95
1305	95
1306	95
1307	95
1308	95
1309	95
1310	95
1311	95
1312	95
1313	95
1314	95
1315	95
1316	95
1317	96
1318	96
1319	96
1320	96
1321	96
1322	96
1323	96
1324	96
1325	96
1326	96
1327	96
1328	96
1329	96
1330	96
1331	96
1332	96
1333	96
1334	96
1335	96
1336	96
1337	96
1338	96
1339	96
1340	96
1341	96
1342	96
1343	96
1344	96
1345	96
1346	96
1347	96
1348	96
1349	97
1350	97
1351	97
1352	97
1353	97
1354	97
1355	97
1356	97
1357	97
1358	97
1359	97
1360	97
1361	97
1362	97
1363	97
1364	97
1365	97
1366	97
1367	97
1368	97
1369	97
1370	98
1371	98
1372	98
1373	98
1374	98
1375	98
1376	98
1377	98
1378	98
1379	98
1380	98
1381	98
1382	98
1383	98
1384	98
1385	98
1386	98
1387	98
1388	98
1389	98
1390	98
1391	98
1392	98
1393	98
1394	98
1395	98
1396	98
1397	98
1398	98
1399	98
1400	98
1401	98
1402	98
1403	98
1404	98
1405	98
1406	98
1407	98
1408	98
1409	98
1410	98
1411	98
1412	98
1413	98
1414	98
1415	98
1416	98
1417	98
1418	98
1419	98
1420	98
1421	98
1422	98
1423	98
1424	98
1425	98
1426	98
1427	98
1428	98
1429	98
1430	98
1431	98
1432	98
1433	98
1434	98
1435	98
1436	98
1437	98
1438	98
1439	98
1440	98
1441	98
1442	98
1443	98
1444	98
1445	98
1446	98
1447	98
1448	98
1449	98
1450	98
1451	98
1452	98
1453	98
1454	98
1455	98
1456	98
1457	98
1458	98
1459	98
1460	98
1461	98
1462	98
1463	98
1464	98
1465	98
1466	98
1467	98
1468	98
1469	98
1470	98
1471	98
1472	98
1473	98
1474	98
1475	98
1476	98
1477	98
1478	98
1479	98
1480	98
1481	98
1482	98
1483	98
1484	98
1485	98
1486	98
1487	98
1488	98
1489	98
1490	98
1491	98
1492	98
1493	98
1494	98
1495	98
1496	98
1497	98
1498	99
1499	99
1500	99
1501	99
1502	99
1503	99
1504	99
1505	99
1506	99
1507	99
1508	99
1509	99
1510	99
1511	99
1512	99
1513	99
1514	99
1515	99
1516	99
1517	99
1518	99
1519	99
1520	99
1521	99
1522	99
1523	99
1524	99
1525	99
1526	99
1527	99
1528	99
1529	99
1530	99
1531	99
1532	99
1533	99
1534	99
1535	99
1536	99
1537	99
1538	99
1539	99
1540	99
1541	99
1542	99
1543	99
1544	99
1545	99
1546	99
1547	99
1548	99
1549	99
1550	99
1551	99
1552	99
1553	99
1554	99
1555	99
1556	99
1557	99
1558	99
1559	99
1560	99
1561	99
1562	99
1563	99
1564	99
1565	99
1566	99
1567	99
1568	99
1569	99
1570	99
1571	99
1572	99
1573	99
1574	99
1575	99
1576	99
1577	99
1578	99
1579	99
1580	99
1581	99
1582	99
1583	99
1584	99
1585	99
1586	99
1587	99
1588	99
1589	99
1590	99
1591	99
1592	99
1593	99
1594	99
1595	99
1596	99
1597	99
1598	99
1599	99
1600	99
1601	99
1602	99
1603	99
1604	99
1605	99
1606	99
1607	99
1608	99
1609	99
1610	99
1611	99
1612	99
1613	99
1614	99
1615	99
1616	99
1617	99
1618	99
1619	99
1620	99
1621	99
1622	99
1623	99
1624	99
1625	99
1626	99
1627	99
1628	99
1629	99
1630	99
1631	99
1632	99
1633	99
1634	99
1635	99
1636	99
1637	99
1638	99
1639	99
1640	99
1641	99
1642	99
1643	99
1644	99
1645	99
1646	99
1647	99
1648	99
1649	99
1650	99
1651	99
1652	99
1653	99
1654	99
1655	99
1656	99
1657	99
1658	99
1659	99
1660	99
1661	99
1662	99
1663	99
1664	99
1665	99
1666	99
1667	99
1668	99
1669	99
1670	99
1671	99
1672	99
1673	99
1674	99
1675	99
1676	99
1677	99
1678	99
1679	99
1680	99
1681	99
1682	99
1683	99
1684	99
1685	99
1686	99
1687	99
1688	99
1689	99
1690	99
1691	99
1692	99
1693	99
1694	99
1695	99
1696	99
1697	99
1698	99
1699	99
1700	99
1701	99
1702	99
1703	99
1704	99
1705	99
1706	99
1707	99
1708	99
1709	99
1710	99
1711	99
1712	99
1713	99
1714	99
1715	99
1716	99
1717	99
1718	99
1719	99
1720	99
1721	99
1722	99
1723	99
1724	99
1725	99
1726	99
1727	99
1728	99
1729	99
1730	99
1731	99
1732	99
1733	99
1734	99
1735	99
1736	99
1737	99
1738	99
1739	99
1740	99
1741	99
1742	99
1743	99
1744	99
1745	99
1746	99
1747	99
1748	99
1749	99
1750	99
1751	99
1752	99
1753	99
1754	99
1755	99
1756	99
1757	99
1758	99
1759	99
1760	99
1761	99
1762	99
1763	99
1764	99
1765	99
1766	99
1767	99
1768	99
1769	99
1770	99
1771	99
1772	99
1773	99
1774	99
1775	99
1776	99
1777	99
1778	99
1779	99
1780	99
1781	99
1782	99
1783	99
1784	99
1785	99
1786	99
1787	99
1788	99
1789	99
1790	99
1791	99
1792	99
1793	99
1794	99
1795	99
1796	99
1797	99
1798	99
1799	99
1800	99
