1	98
2	98
3	98
4	98
5	98
6	98
7	98
8	98
9	98
10	98
11	98
12	98
13	98
14	98
15	98
16	98
17	98
18	98
19	98
20	98
21	98
22	98
23	98
24	98
25	98
26	98
27	98
28	98
29	98
30	98
31	98
32	98
33	98
34	98
35	98
36	98
37	98
38	98
39	98
40	98
41	98
42	98
43	98
44	98
45	98
46	98
47	98
48	98
49	98
50	98
51	98
52	98
53	98
54	98
55	98
56	98
57	98
58	98
59	98
60	98
61	98
62	98
63	98
64	98
65	98
66	98
67	98
68	98
69	98
70	98
71	98
72	98
73	98
74	98
75	98
76	98
77	98
78	98
79	98
80	98
81	98
82	98
83	98
84	98
85	98
86	98
87	98
88	98
89	98
90	98
91	98
92	98
93	98
94	98
95	98
96	98
97	98
98	98
99	98
100	98
101	98
102	98
103	98
104	98
105	98
106	98
107	98
108	98
109	98
110	98
111	98
112	98
113	98
114	98
115	98
116	98
117	98
118	98
119	98
120	98
121	98
122	98
123	98
124	98
125	98
126	98
127	98
128	98
129	98
130	98
131	98
132	98
133	98
134	98
135	98
136	98
137	98
138	98
139	98
140	98
141	98
142	98
143	98
144	98
145	98
146	98
147	98
148	98
149	98
150	98
151	98
152	98
153	98
154	98
155	98
156	98
157	98
158	98
159	98
160	98
161	98
162	98
163	98
164	98
165	98
166	98
167	98
168	98
169	98
170	98
171	98
172	98
173	98
174	98
175	98
176	98
177	98
178	98
179	98
180	98
181	98
182	98
183	98
184	98
185	98
186	98
187	98
188	98
189	98
190	98
191	98
192	98
193	98
194	98
195	98
196	98
197	98
198	98
199	98
200	98
201	98
202	98
203	98
204	98
205	98
206	98
207	98
208	98
209	98
210	98
211	98
212	98
213	98
214	98
215	98
216	98
217	98
218	98
219	98
220	98
221	98
222	98
223	98
224	98
225	98
226	98
227	98
228	98
229	98
230	98
231	98
232	98
233	98
234	98
235	98
236	98
237	98
238	98
239	98
240	98
241	98
242	98
243	98
244	98
245	98
246	98
247	98
248	98
249	98
250	98
251	98
252	98
253	98
254	98
255	98
256	98
257	98
258	98
259	98
260	98
261	98
262	98
263	98
264	98
265	98
266	98
267	98
268	98
269	98
270	98
271	98
272	98
273	98
274	98
275	98
276	98
277	98
278	98
279	98
280	98
281	98
282	98
283	98
284	98
285	98
286	98
287	98
288	98
289	98
290	98
291	98
292	98
293	98
294	98
295	98
296	98
297	98
298	98
299	98
300	98
301	98
302	98
303	98
304	98
305	98
306	98
307	98
308	98
309	98
310	98
311	98
312	98
313	98
314	98
315	98
316	98
317	98
318	98
319	98
320	98
321	98
322	98
323	98
324	98
325	98
326	98
327	98
328	98
329	98
330	98
331	98
332	98
333	98
334	98
335	98
336	98
337	98
338	98
339	98
340	98
341	98
342	98
343	98
344	98
345	98
346	98
347	98
348	98
349	98
350	98
351	98
352	98
353	98
354	98
355	98
356	98
357	98
358	98
359	98
360	98
361	98
362	98
363	98
364	98
365	98
366	98
367	98
368	98
369	98
370	98
371	98
372	98
373	98
374	98
375	98
376	98
377	98
378	98
379	98
380	98
381	98
382	98
383	98
384	98
385	98
386	98
387	98
388	98
389	98
390	98
391	98
392	98
393	98
394	98
395	98
396	98
397	98
398	98
399	98
400	98
401	98
402	98
403	98
404	98
405	98
406	98
407	98
408	98
409	98
410	98
411	98
412	98
413	98
414	98
415	98
416	98
417	98
418	98
419	98
420	98
421	98
422	98
423	98
424	98
425	98
426	98
427	98
428	98
429	98
430	98
431	98
432	98
433	98
434	98
435	98
436	98
437	98
438	98
439	98
440	98
441	98
442	98
443	98
444	98
445	98
446	98
447	98
448	98
449	98
450	98
451	98
452	98
453	98
454	98
455	98
456	98
457	98
458	98
459	98
460	98
461	98
462	98
463	98
464	98
465	98
466	98
467	98
468	98
469	98
470	98
471	98
472	98
473	98
474	98
475	98
476	98
477	98
478	98
479	98
480	98
481	98
482	98
483	98
484	98
485	98
486	98
487	98
488	98
489	98
490	98
491	98
492	98
493	98
494	98
495	98
496	98
497	98
498	98
499	98
500	98
501	98
502	98
503	98
504	98
505	98
506	98
507	98
508	98
509	98
510	98
511	98
512	98
513	98
514	98
515	98
516	98
517	98
518	98
519	98
520	98
521	98
522	98
523	98
524	98
525	98
526	98
527	98
528	98
529	98
530	98
531	98
532	98
533	98
534	98
535	98
536	98
537	98
538	98
539	98
540	98
541	98
542	98
543	98
544	98
545	98
546	98
547	98
548	98
549	98
550	98
551	98
552	98
553	98
554	98
555	98
556	98
557	98
558	98
559	98
560	98
561	98
562	98
563	98
564	98
565	98
566	98
567	98
568	98
569	98
570	98
571	98
572	98
573	98
574	98
575	98
576	98
577	98
578	98
579	98
580	98
581	98
582	98
583	98
584	98
585	98
586	98
587	98
588	98
589	98
590	98
591	98
592	98
593	98
594	98
595	98
596	98
597	98
598	98
599	98
600	98
601	98
602	98
603	98
604	98
605	98
606	98
607	98
608	98
609	98
610	98
611	98
612	98
613	98
614	98
615	98
616	98
617	98
618	98
619	98
620	98
621	98
622	98
623	98
624	98
625	98
626	98
627	98
628	98
629	98
630	98
631	98
632	98
633	98
634	98
635	98
636	98
637	98
638	98
639	98
640	98
641	98
642	98
643	98
644	98
645	98
646	98
647	98
648	98
649	98
650	98
651	98
652	98
653	98
654	98
655	98
656	98
657	98
658	98
659	98
660	98
661	98
662	98
663	98
664	98
665	98
666	98
667	98
668	98
669	98
670	98
671	98
672	98
673	98
674	98
675	98
676	98
677	98
678	98
679	98
680	98
681	98
682	98
683	98
684	98
685	98
686	98
687	98
688	98
689	98
690	98
691	98
692	98
693	98
694	98
695	98
696	98
697	98
698	98
699	98
700	98
701	98
702	98
703	98
704	98
705	98
706	98
707	98
708	98
709	98
710	98
711	98
712	98
713	98
714	98
715	98
716	98
717	98
718	98
719	98
720	98
721	98
722	98
723	98
724	98
725	98
726	98
727	98
728	98
729	98
730	98
731	98
732	98
733	98
734	98
735	98
736	98
737	98
738	98
739	98
740	98
741	98
742	98
743	98
744	98
745	98
746	98
747	98
748	98
749	98
750	98
751	98
752	98
753	98
754	98
755	98
756	98
757	98
758	98
759	98
760	98
761	98
762	98
763	98
764	98
765	98
766	98
767	98
768	98
769	98
770	98
771	98
772	98
773	98
774	98
775	98
776	98
777	98
778	98
779	98
780	98
781	98
782	98
783	98
784	98
785	98
786	98
787	98
788	98
789	98
790	98
791	98
792	98
793	98
794	98
795	98
796	98
797	98
798	98
799	98
800	98
801	98
802	98
803	98
804	98
805	98
806	98
807	98
808	98
809	98
810	98
811	98
812	98
813	98
814	98
815	98
816	98
817	98
818	98
819	98
820	98
821	98
822	98
823	98
824	98
825	98
826	98
827	98
828	98
829	98
830	98
831	98
832	98
833	98
834	98
835	98
836	98
837	98
838	98
839	98
840	98
841	98
842	98
843	98
844	98
845	98
846	97
847	97
848	97
849	97
850	97
851	97
852	97
853	97
854	97
855	97
856	97
857	97
858	97
859	97
860	97
861	97
862	97
863	97
864	97
865	97
866	97
867	97
868	97
869	97
870	97
871	97
872	97
873	97
874	97
875	97
876	97
877	97
878	97
879	97
880	97
881	97
882	97
883	97
884	97
885	97
886	97
887	97
888	97
889	97
890	97
891	97
892	97
893	97
894	97
895	97
896	97
897	97
898	97
899	97
900	97
901	97
902	97
903	97
904	97
905	97
906	97
907	97
908	97
909	97
910	97
911	97
912	97
913	97
914	97
915	97
916	97
917	97
918	97
919	97
920	97
921	97
922	97
923	97
924	97
925	97
926	97
927	97
928	97
929	97
930	97
931	97
932	97
933	97
934	97
935	97
936	97
937	97
938	97
939	97
940	97
941	97
942	97
943	97
944	97
945	97
946	97
947	97
948	97
949	97
950	97
951	97
952	97
953	97
954	97
955	97
956	97
957	97
958	97
959	97
960	97
961	97
962	97
963	97
964	97
965	97
966	97
967	97
968	97
969	97
970	97
971	97
972	97
973	97
974	97
975	97
976	97
977	97
978	97
979	97
980	97
981	97
982	97
983	97
984	97
985	97
986	97
987	97
988	97
989	97
990	97
991	97
992	97
993	97
994	97
995	97
996	97
997	97
998	97
999	97
1000	97
1001	97
1002	97
1003	97
1004	97
1005	97
1006	96
1007	96
1008	96
1009	96
1010	96
1011	96
1012	96
1013	96
1014	96
1015	96
1016	96
1017	96
1018	96
1019	96
1020	96
1021	96
1022	96
1023	96
1024	96
1025	96
1026	96
1027	96
1028	96
1029	96
1030	96
1031	96
1032	96
1033	96
1034	96
1035	96
1036	96
1037	96
1038	96
1039	96
1040	96
1041	96
1042	96
1043	96
1044	96
1045	96
1046	96
1047	96
1048	96
1049	96
1050	96
1051	96
1052	96
1053	96
1054	96
1055	96
1056	96
1057	96
1058	96
1059	96
1060	96
1061	96
1062	96
1063	96
1064	96
1065	96
1066	96
1067	96
1068	96
1069	96
1070	96
1071	96
1072	96
1073	96
1074	96
1075	96
1076	96
1077	96
1078	96
1079	96
1080	96
1081	96
1082	96
1083	96
1084	96
1085	96
1086	96
1087	96
1088	96
1089	96
1090	96
1091	96
1092	96
1093	96
1094	96
1095	96
1096	96
1097	96
1098	96
1099	96
1100	96
1101	96
1102	96
1103	96
1104	96
1105	96
1106	96
1107	96
1108	96
1109	96
1110	96
1111	96
1112	96
1113	96
1114	96
1115	96
1116	96
1117	96
1118	96
1119	96
1120	96
1121	96
1122	96
1123	96
1124	96
1125	96
1126	96
1127	96
1128	96
1129	96
1130	96
1131	96
1132	96
1133	96
1134	96
1135	96
1136	96
1137	96
1138	96
1139	96
1140	96
1141	96
1142	96
1143	96
1144	96
1145	96
1146	96
1147	96
1148	96
1149	96
1150	96
1151	96
1152	96
1153	96
1154	96
1155	96
1156	96
1157	96
1158	96
1159	96
1160	96
1161	96
1162	96
1163	96
1164	96
1165	96
1166	96
1167	96
1168	96
1169	96
1170	96
1171	96
1172	96
1173	96
1174	96
1175	96
1176	96
1177	96
1178	96
1179	96
1180	96
1181	96
1182	96
1183	96
1184	96
1185	96
1186	96
1187	96
1188	96
1189	96
1190	96
1191	96
1192	96
1193	96
1194	96
1195	96
1196	96
1197	96
1198	95
1199	95
1200	95
1201	95
1202	95
1203	95
1204	95
1205	95
1206	95
1207	95
1208	95
1209	95
1210	95
1211	95
1212	95
1213	95
1214	95
1215	95
1216	95
1217	95
1218	95
1219	95
1220	95
1221	95
1222	95
1223	95
1224	95
1225	95
1226	95
1227	95
1228	95
1229	95
1230	95
1231	95
1232	95
1233	95
1234	95
1235	95
1236	95
1237	95
1238	95
1239	95
1240	95
1241	95
1242	95
1243	95
1244	95
1245	95
1246	95
1247	95
1248	95
1249	95
1250	95
1251	95
1252	95
1253	95
1254	95
1255	95
1256	95
1257	95
1258	95
1259	95
1260	95
1261	95
1262	95
1263	95
1264	95
1265	95
1266	95
1267	95
1268	95
1269	95
1270	95
1271	95
1272	95
1273	95
1274	95
1275	95
1276	95
1277	95
1278	95
1279	95
1280	95
1281	95
1282	95
1283	95
1284	95
1285	95
1286	95
1287	95
1288	95
1289	95
1290	95
1291	95
1292	95
1293	95
1294	95
1295	95
1296	95
1297	95
1298	95
1299	95
1300	95
1301	95
1302	95
1303	95
1304	95
1305	95
1306	95
1307	95
1308	95
1309	95
1310	95
1311	95
1312	95
1313	95
1314	95
1315	95
1316	95
1317	95
1318	95
1319	95
1320	95
1321	95
1322	95
1323	95
1324	95
1325	95
1326	95
1327	95
1328	95
1329	95
1330	95
1331	95
1332	95
1333	95
1334	95
1335	95
1336	95
1337	95
1338	95
1339	95
1340	95
1341	95
1342	95
1343	95
1344	95
1345	95
1346	95
1347	95
1348	95
1349	95
1350	95
1351	95
1352	95
1353	95
1354	95
1355	95
1356	95
1357	95
1358	95
1359	95
1360	95
1361	95
1362	95
1363	95
1364	95
1365	95
1366	95
1367	95
1368	95
1369	95
1370	95
1371	95
1372	95
1373	95
1374	95
1375	95
1376	95
1377	95
1378	95
1379	95
1380	95
1381	95
1382	95
1383	95
1384	95
1385	95
1386	95
1387	95
1388	95
1389	95
1390	95
1391	95
1392	95
1393	95
1394	95
1395	95
1396	95
1397	95
1398	95
1399	95
1400	95
1401	95
1402	95
1403	95
1404	95
1405	95
1406	95
1407	95
1408	95
1409	95
1410	95
1411	95
1412	94
1413	94
1414	94
1415	94
1416	94
1417	94
1418	94
1419	94
1420	94
1421	94
1422	94
1423	94
1424	94
1425	94
1426	94
1427	94
1428	94
1429	94
1430	94
1431	94
1432	94
1433	94
1434	94
1435	94
1436	94
1437	94
1438	94
1439	94
1440	94
1441	94
1442	94
1443	94
1444	94
1445	94
1446	94
1447	94
1448	94
1449	94
1450	94
1451	94
1452	94
1453	94
1454	94
1455	94
1456	94
1457	94
1458	94
1459	94
1460	94
1461	94
1462	94
1463	94
1464	94
1465	94
1466	94
1467	94
1468	94
1469	94
1470	94
1471	94
1472	94
1473	94
1474	94
1475	94
1476	94
1477	94
1478	94
1479	94
1480	94
1481	94
1482	94
1483	94
1484	94
1485	94
1486	94
1487	94
1488	94
1489	94
1490	94
1491	94
1492	94
1493	94
1494	94
1495	94
1496	94
1497	94
1498	94
1499	94
1500	94
1501	94
1502	94
1503	94
1504	94
1505	94
1506	94
1507	94
1508	94
1509	94
1510	94
1511	94
1512	94
1513	94
1514	94
1515	94
1516	94
1517	94
1518	94
1519	94
1520	94
1521	94
1522	94
1523	94
1524	94
1525	94
1526	94
1527	94
1528	94
1529	94
1530	94
1531	94
1532	94
1533	94
1534	94
1535	94
1536	94
1537	94
1538	94
1539	94
1540	94
1541	94
1542	94
1543	94
1544	94
1545	94
1546	94
1547	94
1548	94
1549	94
1550	94
1551	94
1552	94
1553	94
1554	94
1555	94
1556	94
1557	94
1558	94
1559	94
1560	94
1561	94
1562	94
1563	94
1564	94
1565	94
1566	94
1567	94
1568	94
1569	94
1570	94
1571	94
1572	94
1573	94
1574	94
1575	94
1576	94
1577	94
1578	94
1579	94
1580	94
1581	94
1582	94
1583	94
1584	94
1585	94
1586	94
1587	94
1588	94
1589	94
1590	94
1591	94
1592	94
1593	94
1594	94
1595	94
1596	94
1597	94
1598	94
1599	94
1600	94
1601	94
1602	94
1603	94
1604	94
1605	94
1606	94
1607	94
1608	94
1609	94
1610	94
1611	94
1612	94
1613	94
1614	94
1615	94
1616	94
1617	94
1618	94
1619	94
1620	94
1621	94
1622	94
1623	94
1624	94
1625	93
1626	93
1627	93
1628	93
1629	93
1630	93
1631	93
1632	93
1633	93
1634	93
1635	93
1636	93
1637	93
1638	93
1639	93
1640	93
1641	93
1642	93
1643	93
1644	93
1645	93
1646	93
1647	93
1648	93
1649	93
1650	93
1651	93
1652	93
1653	93
1654	93
1655	93
1656	93
1657	93
1658	93
1659	93
1660	93
1661	93
1662	93
1663	93
1664	93
1665	93
1666	93
1667	93
1668	93
1669	93
1670	93
1671	93
1672	93
1673	93
1674	93
1675	93
1676	93
1677	93
1678	93
1679	93
1680	93
1681	93
1682	93
1683	93
1684	93
1685	93
1686	93
1687	93
1688	93
1689	93
1690	93
1691	93
1692	93
1693	93
1694	93
1695	93
1696	93
1697	93
1698	93
1699	93
1700	93
1701	93
1702	93
1703	93
1704	93
1705	93
1706	93
1707	93
1708	93
1709	93
1710	93
1711	93
1712	93
1713	93
1714	93
1715	93
1716	93
1717	93
1718	93
1719	93
1720	93
1721	93
1722	93
1723	93
1724	93
1725	93
1726	93
1727	93
1728	93
1729	93
1730	93
1731	93
1732	93
1733	93
1734	93
1735	93
1736	93
1737	93
1738	93
1739	93
1740	93
1741	93
1742	93
1743	93
1744	93
1745	93
1746	93
1747	93
1748	93
1749	93
1750	93
1751	93
1752	93
1753	93
1754	93
1755	93
1756	93
1757	93
1758	93
1759	93
1760	93
1761	93
1762	93
1763	93
1764	93
1765	93
1766	93
1767	93
1768	93
1769	93
1770	93
1771	93
1772	93
1773	93
1774	93
1775	93
1776	93
1777	93
1778	93
1779	93
1780	93
1781	93
1782	93
1783	93
1784	93
1785	93
1786	93
1787	93
1788	93
1789	93
1790	93
1791	93
1792	93
1793	93
1794	93
1795	93
1796	93
1797	93
1798	93
1799	93
1800	93
