1	98
2	98
3	98
4	98
5	98
6	98
7	98
8	98
9	98
10	98
11	98
12	98
13	98
14	98
15	98
16	98
17	98
18	98
19	98
20	98
21	98
22	98
23	98
24	98
25	98
26	98
27	98
28	98
29	98
30	98
31	98
32	98
33	98
34	98
35	98
36	98
37	98
38	98
39	98
40	98
41	98
42	98
43	98
44	98
45	98
46	98
47	98
48	98
49	98
50	98
51	98
52	98
53	98
54	98
55	98
56	98
57	98
58	98
59	98
60	98
61	98
62	98
63	98
64	98
65	98
66	98
67	98
68	98
69	98
70	98
71	98
72	98
73	98
74	98
75	98
76	98
77	98
78	98
79	98
80	98
81	98
82	98
83	98
84	98
85	98
86	98
87	98
88	98
89	98
90	98
91	98
92	98
93	98
94	98
95	98
96	98
97	98
98	98
99	98
100	98
101	98
102	98
103	98
104	98
105	98
106	98
107	98
108	98
109	98
110	98
111	98
112	98
113	98
114	98
115	98
116	98
117	98
118	98
119	98
120	98
121	98
122	98
123	98
124	98
125	98
126	98
127	98
128	98
129	98
130	98
131	98
132	98
133	98
134	98
135	98
136	98
137	98
138	98
139	98
140	98
141	98
142	98
143	98
144	98
145	98
146	98
147	98
148	98
149	98
150	98
151	98
152	98
153	98
154	98
155	98
156	98
157	98
158	98
159	98
160	98
161	98
162	98
163	98
164	98
165	98
166	98
167	98
168	98
169	98
170	98
171	98
172	98
173	98
174	98
175	98
176	98
177	98
178	98
179	98
180	98
181	98
182	98
183	98
184	98
185	98
186	98
187	98
188	98
189	98
190	98
191	98
192	98
193	98
194	98
195	98
196	98
197	98
198	98
199	98
200	98
201	98
202	98
203	98
204	98
205	98
206	98
207	98
208	98
209	98
210	98
211	98
212	98
213	98
214	98
215	98
216	98
217	98
218	98
219	98
220	98
221	98
222	98
223	98
224	98
225	98
226	98
227	98
228	98
229	98
230	98
231	98
232	98
233	98
234	98
235	98
236	98
237	98
238	98
239	98
240	98
241	98
242	98
243	98
244	98
245	98
246	98
247	98
248	98
249	98
250	98
251	98
252	98
253	98
254	98
255	98
256	98
257	98
258	98
259	98
260	98
261	98
262	98
263	98
264	98
265	98
266	98
267	98
268	98
269	98
270	98
271	98
272	98
273	98
274	98
275	98
276	98
277	98
278	98
279	98
280	98
281	98
282	98
283	98
284	98
285	98
286	98
287	98
288	98
289	98
290	98
291	98
292	98
293	98
294	98
295	98
296	98
297	98
298	98
299	98
300	98
301	98
302	98
303	98
304	98
305	98
306	98
307	98
308	98
309	98
310	98
311	98
312	98
313	98
314	98
315	98
316	98
317	98
318	98
319	98
320	98
321	98
322	98
323	98
324	98
325	98
326	98
327	98
328	98
329	98
330	98
331	98
332	98
333	98
334	98
335	98
336	98
337	98
338	98
339	98
340	98
341	98
342	98
343	98
344	98
345	98
346	98
347	98
348	98
349	98
350	98
351	98
352	98
353	98
354	98
355	98
356	98
357	98
358	98
359	98
360	98
361	98
362	98
363	98
364	98
365	98
366	98
367	98
368	98
369	98
370	98
371	98
372	98
373	98
374	98
375	98
376	98
377	98
378	98
379	98
380	98
381	98
382	98
383	98
384	98
385	98
386	98
387	98
388	98
389	98
390	98
391	98
392	98
393	98
394	98
395	98
396	98
397	98
398	98
399	98
400	98
401	98
402	98
403	98
404	98
405	98
406	98
407	98
408	98
409	98
410	98
411	98
412	98
413	98
414	98
415	98
416	98
417	98
418	98
419	98
420	98
421	98
422	98
423	98
424	98
425	98
426	98
427	98
428	98
429	98
430	98
431	98
432	98
433	98
434	98
435	98
436	98
437	98
438	98
439	98
440	98
441	98
442	98
443	98
444	98
445	98
446	98
447	98
448	98
449	98
450	98
451	98
452	98
453	98
454	99
455	99
456	99
457	99
458	99
459	99
460	99
461	99
462	99
463	99
464	99
465	99
466	99
467	99
468	99
469	99
470	99
471	99
472	99
473	99
474	99
475	99
476	99
477	99
478	99
479	99
480	99
481	99
482	99
483	99
484	99
485	99
486	99
487	99
488	99
489	99
490	99
491	99
492	99
493	99
494	99
495	99
496	99
497	99
498	99
499	99
500	99
501	99
502	99
503	99
504	99
505	99
506	99
507	99
508	99
509	99
510	99
511	99
512	99
513	99
514	99
515	99
516	99
517	99
518	99
519	99
520	99
521	99
522	99
523	99
524	99
525	99
526	99
527	99
528	99
529	99
530	99
531	99
532	99
533	99
534	99
535	99
536	99
537	99
538	99
539	99
540	99
541	99
542	99
543	99
544	99
545	99
546	99
547	99
548	99
549	99
550	99
551	99
552	99
553	99
554	99
555	99
556	99
557	99
558	99
559	99
560	99
561	99
562	99
563	99
564	99
565	99
566	99
567	99
568	99
569	99
570	99
571	99
572	99
573	99
574	99
575	99
576	99
577	99
578	99
579	99
580	99
581	99
582	99
583	99
584	99
585	99
586	99
587	99
588	99
589	99
590	99
591	99
592	99
593	99
594	99
595	99
596	99
597	99
598	99
599	99
600	99
601	99
602	99
603	99
604	99
605	99
606	99
607	99
608	99
609	99
610	99
611	99
612	99
613	99
614	99
615	99
616	99
617	99
618	99
619	99
620	99
621	99
622	99
623	99
624	99
625	99
626	99
627	99
628	99
629	99
630	99
631	99
632	99
633	99
634	99
635	99
636	99
637	99
638	99
639	99
640	99
641	99
642	99
643	99
644	99
645	99
646	99
647	99
648	99
649	99
650	99
651	99
652	99
653	99
654	99
655	99
656	99
657	99
658	99
659	99
660	99
661	99
662	99
663	99
664	99
665	99
666	99
667	99
668	99
669	99
670	99
671	99
672	99
673	99
674	99
675	99
676	99
677	99
678	99
679	99
680	99
681	99
682	99
683	99
684	99
685	99
686	99
687	99
688	99
689	99
690	99
691	99
692	99
693	99
694	99
695	99
696	99
697	99
698	99
699	99
700	99
701	99
702	99
703	99
704	99
705	99
706	99
707	99
708	99
709	99
710	99
711	99
712	99
713	99
714	99
715	99
716	99
717	99
718	99
719	99
720	99
721	99
722	99
723	99
724	99
725	99
726	99
727	99
728	99
729	99
730	99
731	99
732	99
733	99
734	99
735	99
736	99
737	99
738	99
739	99
740	99
741	99
742	99
743	99
744	99
745	99
746	99
747	99
748	99
749	99
750	99
751	99
752	99
753	99
754	99
755	99
756	99
757	99
758	99
759	99
760	99
761	99
762	99
763	99
764	99
765	99
766	99
767	99
768	99
769	99
770	99
771	99
772	99
773	99
774	99
775	99
776	99
777	99
778	99
779	99
780	99
781	99
782	99
783	99
784	99
785	99
786	99
787	99
788	99
789	99
790	99
791	99
792	99
793	99
794	99
795	99
796	99
797	99
798	99
799	99
800	99
801	99
802	99
803	99
804	99
805	99
806	99
807	99
808	99
809	99
810	99
811	99
812	99
813	99
814	99
815	99
816	99
817	99
818	99
819	99
820	99
821	99
822	99
823	99
824	99
825	99
826	98
827	98
828	98
829	98
830	98
831	98
832	98
833	98
834	98
835	98
836	98
837	98
838	98
839	98
840	98
841	98
842	98
843	98
844	98
845	98
846	98
847	98
848	98
849	98
850	98
851	98
852	98
853	98
854	98
855	98
856	98
857	98
858	98
859	98
860	98
861	98
862	98
863	98
864	98
865	98
866	98
867	98
868	98
869	98
870	98
871	98
872	98
873	98
874	98
875	98
876	98
877	98
878	98
879	98
880	98
881	98
882	98
883	98
884	98
885	98
886	98
887	98
888	98
889	98
890	98
891	98
892	98
893	98
894	98
895	98
896	98
897	98
898	98
899	98
900	98
901	98
902	98
903	98
904	98
905	98
906	98
907	98
908	98
909	98
910	98
911	98
912	98
913	98
914	98
915	98
916	98
917	98
918	98
919	98
920	98
921	98
922	98
923	98
924	98
925	98
926	98
927	98
928	98
929	98
930	98
931	98
932	98
933	98
934	98
935	98
936	98
937	98
938	98
939	98
940	98
941	98
942	98
943	98
944	98
945	98
946	98
947	98
948	98
949	98
950	98
951	98
952	98
953	98
954	98
955	98
956	98
957	98
958	98
959	98
960	98
961	98
962	98
963	98
964	98
965	98
966	98
967	98
968	98
969	98
970	98
971	98
972	98
973	98
974	98
975	98
976	98
977	98
978	98
979	98
980	98
981	98
982	98
983	98
984	98
985	98
986	98
987	98
988	98
989	98
990	98
991	98
992	98
993	98
994	98
995	98
996	98
997	98
998	98
999	98
1000	98
1001	98
1002	98
1003	98
1004	98
1005	98
1006	98
1007	98
1008	98
1009	98
1010	98
1011	98
1012	98
1013	98
1014	98
1015	98
1016	98
1017	98
1018	98
1019	98
1020	98
1021	98
1022	98
1023	98
1024	98
1025	98
1026	98
1027	98
1028	98
1029	98
1030	98
1031	98
1032	98
1033	98
1034	98
1035	98
1036	98
1037	98
1038	98
1039	98
1040	98
1041	98
1042	98
1043	98
1044	98
1045	98
1046	98
1047	98
1048	98
1049	98
1050	98
1051	98
1052	98
1053	98
1054	98
1055	98
1056	98
1057	98
1058	98
1059	98
1060	98
1061	98
1062	98
1063	98
1064	98
1065	98
1066	98
1067	98
1068	98
1069	98
1070	98
1071	98
1072	98
1073	98
1074	98
1075	98
1076	98
1077	98
1078	98
1079	98
1080	98
1081	98
1082	98
1083	98
1084	98
1085	98
1086	98
1087	98
1088	98
1089	98
1090	98
1091	98
1092	98
1093	98
1094	98
1095	98
1096	98
1097	98
1098	98
1099	98
1100	98
1101	98
1102	98
1103	97
1104	97
1105	97
1106	97
1107	97
1108	97
1109	97
1110	97
1111	97
1112	97
1113	97
1114	97
1115	97
1116	97
1117	97
1118	97
1119	97
1120	97
1121	97
1122	97
1123	97
1124	97
1125	97
1126	97
1127	97
1128	97
1129	97
1130	97
1131	97
1132	97
1133	97
1134	97
1135	97
1136	97
1137	97
1138	97
1139	97
1140	97
1141	97
1142	97
1143	97
1144	97
1145	97
1146	97
1147	97
1148	97
1149	97
1150	97
1151	97
1152	97
1153	97
1154	97
1155	97
1156	97
1157	97
1158	97
1159	97
1160	97
1161	97
1162	97
1163	97
1164	97
1165	97
1166	97
1167	97
1168	97
1169	97
1170	97
1171	97
1172	97
1173	97
1174	97
1175	97
1176	97
1177	97
1178	97
1179	97
1180	97
1181	97
1182	97
1183	97
1184	97
1185	97
1186	97
1187	97
1188	97
1189	96
1190	96
1191	96
1192	96
1193	96
1194	96
1195	96
1196	96
1197	96
1198	96
1199	96
1200	96
1201	96
1202	96
1203	96
1204	96
1205	96
1206	96
1207	96
1208	96
1209	96
1210	96
1211	96
1212	96
1213	96
1214	96
1215	96
1216	96
1217	96
1218	96
1219	96
1220	96
1221	96
1222	96
1223	96
1224	96
1225	96
1226	96
1227	96
1228	96
1229	96
1230	96
1231	96
1232	96
1233	96
1234	96
1235	96
1236	96
1237	96
1238	96
1239	96
1240	96
1241	96
1242	96
1243	96
1244	96
1245	96
1246	96
1247	96
1248	96
1249	96
1250	96
1251	96
1252	96
1253	96
1254	96
1255	96
1256	96
1257	96
1258	96
1259	96
1260	96
1261	96
1262	96
1263	96
1264	96
1265	96
1266	96
1267	96
1268	96
1269	96
1270	96
1271	96
1272	96
1273	96
1274	95
1275	95
1276	95
1277	95
1278	95
1279	95
1280	95
1281	95
1282	95
1283	95
1284	95
1285	95
1286	95
1287	95
1288	95
1289	95
1290	95
1291	95
1292	95
1293	95
1294	95
1295	95
1296	95
1297	95
1298	95
1299	95
1300	95
1301	95
1302	95
1303	95
1304	95
1305	95
1306	95
1307	95
1308	95
1309	95
1310	95
1311	95
1312	95
1313	95
1314	95
1315	95
1316	95
1317	95
1318	95
1319	95
1320	95
1321	95
1322	95
1323	95
1324	95
1325	95
1326	95
1327	94
1328	94
1329	94
1330	94
1331	94
1332	94
1333	94
1334	94
1335	94
1336	94
1337	94
1338	94
1339	94
1340	94
1341	94
1342	94
1343	94
1344	94
1345	94
1346	94
1347	94
1348	94
1349	94
1350	94
1351	94
1352	94
1353	94
1354	94
1355	94
1356	94
1357	94
1358	94
1359	94
1360	94
1361	94
1362	94
1363	94
1364	94
1365	94
1366	94
1367	94
1368	94
1369	94
1370	94
1371	94
1372	94
1373	94
1374	94
1375	94
1376	94
1377	94
1378	94
1379	94
1380	94
1381	93
1382	93
1383	93
1384	93
1385	93
1386	93
1387	93
1388	93
1389	93
1390	93
1391	93
1392	93
1393	93
1394	93
1395	93
1396	93
1397	93
1398	93
1399	93
1400	93
1401	93
1402	93
1403	93
1404	93
1405	93
1406	93
1407	93
1408	93
1409	93
1410	93
1411	93
1412	93
1413	93
1414	93
1415	93
1416	93
1417	93
1418	93
1419	93
1420	93
1421	93
1422	93
1423	93
1424	93
1425	93
1426	93
1427	93
1428	93
1429	93
1430	93
1431	93
1432	93
1433	93
1434	93
1435	93
1436	93
1437	93
1438	93
1439	93
1440	93
1441	93
1442	93
1443	93
1444	93
1445	93
1446	93
1447	93
1448	93
1449	93
1450	93
1451	93
1452	93
1453	93
1454	93
1455	93
1456	93
1457	93
1458	93
1459	93
1460	93
1461	93
1462	93
1463	93
1464	93
1465	93
1466	92
1467	92
1468	92
1469	92
1470	92
1471	92
1472	92
1473	92
1474	92
1475	92
1476	92
1477	92
1478	92
1479	92
1480	92
1481	92
1482	92
1483	92
1484	92
1485	92
1486	92
1487	92
1488	92
1489	92
1490	92
1491	92
1492	92
1493	92
1494	92
1495	92
1496	92
1497	92
1498	92
1499	92
1500	92
1501	92
1502	92
1503	92
1504	92
1505	92
1506	92
1507	92
1508	92
1509	91
1510	91
1511	91
1512	91
1513	91
1514	91
1515	91
1516	91
1517	91
1518	91
1519	91
1520	91
1521	91
1522	91
1523	91
1524	91
1525	91
1526	91
1527	91
1528	91
1529	91
1530	91
1531	91
1532	91
1533	91
1534	91
1535	91
1536	91
1537	91
1538	91
1539	91
1540	91
1541	90
1542	90
1543	90
1544	90
1545	90
1546	90
1547	90
1548	90
1549	90
1550	90
1551	90
1552	90
1553	90
1554	90
1555	90
1556	90
1557	90
1558	90
1559	90
1560	90
1561	90
1562	89
1563	89
1564	89
1565	89
1566	89
1567	89
1568	89
1569	89
1570	89
1571	89
1572	89
1573	89
1574	89
1575	89
1576	89
1577	89
1578	89
1579	89
1580	89
1581	89
1582	89
1583	89
1584	89
1585	89
1586	89
1587	89
1588	89
1589	89
1590	89
1591	89
1592	89
1593	89
1594	89
1595	89
1596	89
1597	89
1598	89
1599	89
1600	89
1601	89
1602	89
1603	89
1604	89
1605	89
1606	89
1607	89
1608	89
1609	89
1610	89
1611	89
1612	89
1613	89
1614	89
1615	88
1616	88
1617	88
1618	88
1619	88
1620	88
1621	88
1622	88
1623	88
1624	88
1625	88
1626	88
1627	88
1628	88
1629	88
1630	88
1631	88
1632	88
1633	88
1634	88
1635	88
1636	88
1637	88
1638	88
1639	88
1640	88
1641	88
1642	88
1643	88
1644	88
1645	88
1646	88
1647	88
1648	88
1649	88
1650	88
1651	88
1652	88
1653	88
1654	88
1655	88
1656	88
1657	88
1658	88
1659	88
1660	88
1661	88
1662	88
1663	88
1664	88
1665	88
1666	88
1667	88
1668	88
1669	88
1670	88
1671	88
1672	88
1673	88
1674	88
1675	88
1676	88
1677	88
1678	88
1679	88
1680	88
1681	88
1682	88
1683	88
1684	88
1685	88
1686	88
1687	88
1688	88
1689	88
1690	88
1691	88
1692	88
1693	88
1694	88
1695	88
1696	88
1697	88
1698	88
1699	88
1700	88
1701	89
1702	90
1703	90
1704	90
1705	90
1706	90
1707	90
1708	90
1709	90
1710	90
1711	90
1712	90
1713	90
1714	90
1715	90
1716	90
1717	90
1718	90
1719	90
1720	90
1721	90
1722	90
1723	91
1724	91
1725	91
1726	91
1727	91
1728	91
1729	91
1730	91
1731	91
1732	91
1733	91
1734	91
1735	91
1736	91
1737	91
1738	91
1739	91
1740	91
1741	91
1742	91
1743	91
1744	91
1745	91
1746	91
1747	91
1748	91
1749	91
1750	91
1751	91
1752	91
1753	91
1754	91
1755	92
1756	92
1757	92
1758	92
1759	92
1760	92
1761	92
1762	92
1763	92
1764	92
1765	92
1766	92
1767	92
1768	92
1769	92
1770	92
1771	92
1772	92
1773	92
1774	92
1775	92
1776	92
1777	92
1778	92
1779	92
1780	92
1781	92
1782	92
1783	92
1784	92
1785	92
1786	93
1787	94
1788	94
1789	94
1790	94
1791	94
1792	94
1793	94
1794	94
1795	94
1796	94
1797	94
1798	94
1799	94
1800	94
