1386	71.000			
1387	71.000			
1388	69.000			
1389	68.000			
1390	68.000			
1391	67.000			
1392	67.000			
1393	66.000			
1394	65.000			
1395	65.000			
1396	64.000			
1397	64.000			
1398	63.000			
1399	63.000			
1400	62.000			
1401	61.000			
1402	61.000			
1403	61.000			
1404	61.000			
1405	61.000			
1406	61.000			
1407	61.000			
1408	62.000			
1409	62.000			
1410	63.000			
1411	63.000			
1412	64.000			
1413	65.000			
1414	65.000			
1415	65.000			
1416	65.000			
1417	65.000			
1418	63.000			
1419	63.000			
1420	62.000			
1421	62.000			
1422	62.000			
1423	67.000			
1424	67.000			
1425	78.000			
1426	78.000			
1427	95.000			
1428	95.000			
1429	118.000			
1430	141.000			
1431	141.000			
1432	162.000			
1433	162.000			
1434	176.000			
1435	183.000			
1436	183.000			
1437	182.000			
1438	182.000			
1439	177.000			
1440	177.000			
1441	170.000			
1442	163.000			
1443	163.000			
1444	156.000			
1445	156.000			
1446	151.000			
1447	148.000			
1448	148.000			
1449	145.000			
1450	145.000			
1451	143.000			
1452	141.000			
1453	141.000			
1454	138.000			
1455	138.000			
1456	133.000			
1457	133.000			
1458	128.000			
1459	124.000			
1460	124.000			
1461	120.000			
1462	120.000			
1463	117.000			
1464	117.000			
1465	116.000			
1466	115.000			
1467	115.000			
1468	114.000			
1469	114.000			
1470	114.000			
1471	112.000			
1472	112.000			
1473	110.000			
1474	110.000			
1475	108.000			
1476	104.000			
1477	104.000			
1478	100.000			
1479	100.000			
1480	96.000			
1481	96.000			
1482	91.000			
1483	87.000			
1484	87.000			
1485	83.000			
1486	83.000			
1487	80.000			
1488	77.000			
1489	77.000			
1490	74.000			
1491	74.000			
1492	72.000			
1493	71.000			
1494	71.000			
1495	69.000			
1496	69.000			
1497	69.000			
1498	69.000			
1499	68.000			
1500	67.000			
1501	67.000			
1502	66.000			
1503	66.000			
1504	65.000			
1505	64.000			
1506	64.000			
1507	63.000			
1508	63.000			
1509	63.000			
1510	63.000			
1511	63.000			
1512	63.000			
1513	63.000			
1514	63.000			
1515	63.000			
1516	63.000			
1517	62.000			
1518	62.000			
1519	63.000			
1520	63.000			
1521	65.000			
1522	72.000			
1523	72.000			
1524	83.000			
1525	83.000			
1526	100.000			
1527	100.000			
1528	119.000			
1529	139.000			
1530	139.000			
1531	155.000			
1532	155.000			
1533	166.000			
1534	171.000			
1535	171.000			
1536	170.000			
1537	170.000			
1538	167.000			
1539	167.000			
1540	161.000			
1541	155.000			
1542	155.000			
1543	149.000			
1544	149.000			
1545	144.000			
1546	140.000			
1547	140.000			
1548	137.000			
1549	137.000			
1550	134.000			
1551	131.000			
1552	131.000			
1553	128.000			
1554	128.000			
1555	124.000			
1556	124.000			
1557	121.000			
1558	118.000			
1559	118.000			
1560	116.000			
1561	116.000			
1562	115.000			
1563	114.000			
1564	114.000			
1565	113.000			
1566	113.000			
1567	113.000			
1568	113.000			
1569	112.000			
1570	110.000			
1571	110.000			
1572	108.000			
1573	108.000			
1574	105.000			
1575	102.000			
1576	102.000			
1577	99.000			
1578	99.000			
1579	97.000			
1580	94.000			
1581	94.000			
1582	91.000			
1583	91.000			
1584	88.000			
1585	88.000			
1586	85.000			
1587	82.000			
1588	82.000			
1589	80.000			
1590	80.000			
1591	77.000			
1592	75.000			
1593	75.000			
1594	73.000			
1595	73.000			
1596	72.000			
1597	72.000			
1598	71.000			
1599	71.000			
1600	71.000			
1601	71.000			
1602	71.000			
1603	70.000			
1604	70.000			
1605	70.000			
1606	69.000			
1607	69.000			
1608	68.000			
1609	67.000			
1610	67.000			
1611	67.000			
1612	67.000			
1613	67.000			
1614	67.000			
1615	71.000			
1616	80.000			
1617	80.000			
1618	93.000			
1619	93.000			
1620	111.000			
1621	130.000			
1622	130.000			
1623	148.000			
1624	148.000			
1625	162.000			
1626	162.000			
1627	169.000			
1628	172.000			
1629	172.000			
1630	170.000			
1631	170.000			
1632	166.000			
1633	161.000			
1634	161.000			
1635	156.000			
1636	156.000			
1637	151.000			
1638	151.000			
1639	148.000			
1640	145.000			
1641	145.000			
1642	143.000			
1643	143.000			
1644	141.000			
1645	138.000			
1646	138.000			
1647	134.000			
1648	134.000			
1649	130.000			
1650	127.000			
1651	127.000			
1652	124.000			
1653	124.000			
1654	121.000			
1655	121.000			
1656	120.000			
1657	120.000			
1658	120.000			
1659	119.000			
1660	119.000			
1661	118.000			
1662	116.000			
1663	116.000			
1664	113.000			
1665	113.000			
1666	110.000			
1667	110.000			
1668	106.000			
1669	103.000			
1670	103.000			
1671	100.000			
1672	100.000			
1673	96.000			
1674	93.000			
1675	93.000			
1676	90.000			
1677	90.000			
1678	87.000			
1679	84.000			
1680	84.000			
1681	81.000			
1682	81.000			
1683	79.000			
1684	79.000			
1685	76.000			
1686	74.000			
1687	74.000			
1688	72.000			
1689	72.000			
1690	71.000			
1691	70.000			
1692	70.000			
1693	70.000			
1694	70.000			
1695	69.000			
1696	69.000			
1697	68.000			
1698	67.000			
1699	67.000			
1700	67.000			
1701	67.000			
1702	67.000			
1703	70.000			
1704	70.000			
1705	78.000			
1706	78.000			
1707	91.000			
1708	108.000			
1709	108.000			
1710	128.000			
1711	128.000			
1712	146.000			
1713	146.000			
1714	161.000			
1715	170.000			
1716	170.000			
1717	174.000			
1718	174.000			
1719	173.000			
1720	169.000			
1721	169.000			
1722	164.000			
1723	164.000			
1724	159.000			
1725	159.000			
1726	155.000			
1727	152.000			
1728	152.000			
1729	149.000			
1730	149.000			
1731	147.000			
1732	144.000			
1733	144.000			
1734	140.000			
1735	140.000			
1736	135.000			
1737	130.000			
1738	130.000			
1739	126.000			
1740	126.000			
1741	122.000			
1742	122.000			
1743	119.000			
1744	117.000			
1745	117.000			
1746	116.000			
1747	116.000			
1748	115.000			
1749	113.000			
1750	113.000			
1751	112.000			
1752	112.000			
1753	109.000			
1754	109.000			
1755	106.000			
1756	102.000			
1757	102.000			
1758	99.000			
1759	99.000			
1760	95.000			
1761	91.000			
1762	91.000			
1763	87.000			
1764	87.000			
1765	84.000			
1766	84.000			
1767	80.000			
1768	77.000			
1769	77.000			
1770	74.000			
1771	74.000			
1772	71.000			
1773	68.000			
1774	68.000			
1775	66.000			
1776	66.000			
1777	64.000			
1778	62.000			
1779	62.000			
1780	60.000			
1781	60.000			
1782	59.000			
1783	59.000			
1784	58.000			
1785	57.000			
1786	57.000			
1787	56.000			
1788	56.000			
1789	55.000			
1790	55.000			
1791	55.000			
1792	54.000			
1793	54.000			
1794	55.000			
1795	55.000			
1796	59.000			
1797	68.000			
1798	68.000			
1799	82.000			
1800	82.000			
1801	100.000			
1802	120.000			
1803	120.000			
1804	139.000			
1805	139.000			
1806	153.000			
1807	162.000			
1808	162.000			
1809	165.000			
1810	165.000			
1811	164.000			
1812	164.000			
1813	161.000			
1814	157.000			
1815	157.000			
1816	153.000			
1817	153.000			
1818	150.000			
1819	147.000			
1820	147.000			
1821	144.000			
1822	144.000			
1823	142.000			
1824	142.000			
1825	138.000			
1826	134.000			
1827	134.000			
1828	129.000			
1829	129.000			
1830	124.000			
1831	120.000			
1832	120.000			
1833	116.000			
1834	116.000			
1835	114.000			
1836	112.000			
1837	112.000			
1838	110.000			
1839	110.000			
1840	109.000			
1841	109.000			
1842	108.000			
1843	106.000			
1844	106.000			
1845	103.000			
1846	103.000			
1847	100.000			
1848	100.000			
1849	97.000			
1850	93.000			
1851	93.000			
1852	89.000			
1853	89.000			
1854	86.000			
1855	83.000			
1856	83.000			
1857	80.000			
1858	80.000			
1859	77.000			
1860	74.000			
1861	74.000			
1862	71.000			
1863	71.000			
1864	68.000			
1865	66.000			
1866	66.000			
1867	63.000			
1868	63.000			
1869	61.000			
1870	61.000			
1871	60.000			
1872	58.000			
1873	58.000			
1874	57.000			
1875	57.000			
1876	56.000			
1877	55.000			
1878	55.000			
1879	54.000			
1880	54.000			
1881	54.000			
1882	54.000			
1883	53.000			
1884	52.000			
1885	52.000			
1886	51.000			
1887	51.000			
1888	51.000			
1889	51.000			
1890	51.000			
1891	53.000			
1892	53.000			
1893	59.000			
1894	59.000			
1895	70.000			
1896	86.000			
1897	86.000			
1898	106.000			
1899	106.000			
1900	127.000			
1901	145.000			
1902	145.000			
1903	158.000			
1904	158.000			
1905	166.000			
1906	168.000			
1907	168.000			
1908	166.000			
1909	166.000			
1910	162.000			
1911	162.000			
1912	158.000			
1913	153.000			
1914	153.000			
1915	150.000			
1916	150.000			
1917	147.000			
1918	145.000			
1919	145.000			
1920	142.000			
1921	142.000			
1922	139.000			
1923	139.000			
1924	134.000			
1925	129.000			
1926	129.000			
1927	124.000			
1928	124.000			
1929	120.000			
1930	116.000			
1931	116.000			
1932	114.000			
1933	114.000			
1934	112.000			
1935	111.000			
1936	111.000			
1937	110.000			
1938	110.000			
1939	108.000			
1940	108.000			
1941	105.000			
1942	102.000			
1943	102.000			
1944	99.000			
1945	99.000			
1946	95.000			
1947	91.000			
1948	91.000			
1949	87.000			
1950	87.000			
1951	83.000			
1952	83.000			
1953	79.000			
1954	75.000			
1955	75.000			
1956	72.000			
1957	72.000			
1958	68.000			
1959	66.000			
1960	66.000			
1961	63.000			
1962	63.000			
1963	61.000			
1964	59.000			
1965	59.000			
1966	58.000			
1967	58.000			
1968	56.000			
1969	56.000			
1970	55.000			
1971	53.000			
1972	53.000			
1973	52.000			
1974	52.000			
1975	51.000			
1976	51.000			
1977	51.000			
1978	51.000			
1979	51.000			
1980	50.000			
1981	50.000			
1982	50.000			
1983	49.000			
1984	49.000			
1985	49.000			
1986	49.000			
1987	51.000			
1988	57.000			
1989	57.000			
1990	68.000			
1991	68.000			
1992	85.000			
1993	106.000			
1994	106.000			
1995	127.000			
1996	127.000			
1997	146.000			
1998	146.000			
1999	160.000			
2000	168.000			
2001	168.000			
2002	170.000			
2003	170.000			
2004	169.000			
2005	165.000			
2006	165.000			
2007	161.000			
2008	161.000			
2009	157.000			
2010	157.000			
2011	154.000			
2012	151.000			
2013	151.000			
2014	148.000			
2015	148.000			
2016	145.000			
2017	142.000			
2018	142.000			
2019	137.000			
2020	137.000			
2021	133.000			
2022	128.000			
2023	128.000			
2024	124.000			
2025	124.000			
2026	120.000			
2027	120.000			
2028	118.000			
2029	116.000			
2030	116.000			
2031	114.000			
2032	114.000			
2033	113.000			
2034	110.000			
2035	110.000			
2036	108.000			
2037	108.000			
2038	104.000			
2039	104.000			
2040	101.000			
2041	97.000			
2042	97.000			
2043	93.000			
2044	93.000			
2045	89.000			
2046	85.000			
2047	85.000			
2048	81.000			
2049	81.000			
2050	77.000			
2051	77.000			
2052	74.000			
2053	72.000			
2054	72.000			
2055	70.000			
2056	70.000			
2057	68.000			
2058	65.000			
2059	65.000			
2060	63.000			
2061	63.000			
2062	61.000			
2063	60.000			
2064	60.000			
2065	58.000			
2066	58.000			
2067	57.000			
2068	57.000			
2069	56.000			
2070	55.000			
2071	55.000			
2072	54.000			
2073	54.000			
2074	53.000			
2075	53.000			
2076	53.000			
2077	52.000			
2078	52.000			
2079	51.000			
2080	51.000			
2081	51.000			
2082	50.000			
2083	50.000			
2084	50.000			
2085	50.000			
2086	52.000			
2087	58.000			
2088	58.000			
2089	69.000			
2090	69.000			
2091	86.000			
2092	107.000			
2093	107.000			
2094	130.000			
2095	130.000			
2096	150.000			
2097	150.000			
2098	167.000			
2099	177.000			
2100	177.000			
2101	182.000			
2102	182.000			
2103	182.000			
2104	179.000			
2105	179.000			
2106	175.000			
2107	175.000			
2108	171.000			
2109	171.000			
2110	167.000			
2111	164.000			
2112	164.000			
2113	161.000			
2114	161.000			
2115	158.000			
2116	153.000			
2117	153.000			
2118	148.000			
2119	148.000			
2120	142.000			
2121	137.000			
2122	137.000			
2123	132.000			
2124	132.000			
2125	128.000			
2126	128.000			
2127	126.000			
2128	124.000			
2129	124.000			
2130	122.000			
2131	122.000			
2132	120.000			
2133	118.000			
2134	118.000			
2135	115.000			
2136	115.000			
2137	112.000			
2138	112.000			
2139	108.000			
2140	104.000			
2141	104.000			
2142	100.000			
2143	100.000			
2144	95.000			
2145	90.000			
2146	90.000			
2147	86.000			
2148	86.000			
2149	82.000			
2150	78.000			
2151	78.000			
2152	74.000			
2153	74.000			
2154	70.000			
2155	70.000			
2156	67.000			
2157	64.000			
2158	64.000			
2159	61.000			
2160	61.000			
2161	58.000			
2162	56.000			
2163	56.000			
2164	54.000			
2165	54.000			
2166	52.000			
2167	52.000			
2168	51.000			
2169	50.000			
2170	50.000			
2171	50.000			
2172	50.000			
2173	50.000			
2174	50.000			
2175	50.000			
2176	49.000			
2177	49.000			
2178	49.000			
2179	49.000			
2180	48.000			
2181	50.000			
2182	50.000			
2183	55.000			
2184	55.000			
2185	65.000			
2186	80.000			
2187	80.000			
2188	101.000			
2189	101.000			
2190	123.000			
2191	144.000			
2192	144.000			
2193	160.000			
2194	160.000			
2195	171.000			
2196	171.000			
2197	175.000			
2198	175.000			
2199	175.000			
2200	171.000			
2201	171.000			
2202	166.000			
2203	162.000			
2204	162.000			
2205	157.000			
2206	157.000			
2207	153.000			
2208	153.000			
2209	150.000			
2210	146.000			
2211	146.000			
2212	142.000			
2213	142.000			
2214	136.000			
2215	130.000			
2216	130.000			
2217	125.000			
2218	125.000			
2219	119.000			
2220	115.000			
2221	115.000			
2222	112.000			
2223	112.000			
2224	110.000			
2225	110.000			
2226	109.000			
2227	107.000			
2228	107.000			
2229	105.000			
2230	105.000			
2231	103.000			
2232	99.000			
2233	99.000			
2234	95.000			
2235	95.000			
2236	91.000			
2237	91.000			
2238	87.000			
2239	82.000			
2240	82.000			
2241	78.000			
2242	78.000			
2243	73.000			
2244	70.000			
2245	70.000			
2246	66.000			
2247	66.000			
2248	62.000			
2249	59.000			
2250	59.000			
2251	56.000			
2252	56.000			
2253	53.000			
2254	53.000			
2255	51.000			
2256	49.000			
2257	49.000			
2258	47.000			
2259	47.000			
2260	46.000			
2261	44.000			
2262	44.000			
2263	43.000			
2264	43.000			
2265	42.000			
2266	42.000			
2267	42.000			
2268	41.000			
2269	41.000			
2270	41.000			
2271	41.000			
2272	41.000			
2273	41.000			
2274	41.000			
2275	43.000			
2276	43.000			
2277	48.000			
2278	58.000			
2279	58.000			
2280	73.000			
2281	73.000			
2282	93.000			
2283	93.000			
2284	116.000			
2285	137.000			
2286	137.000			
2287	154.000			
2288	154.000			
2289	165.000			
2290	170.000			
2291	170.000			
2292	170.000			
2293	170.000			
2294	168.000			
2295	168.000			
2296	163.000			
2297	159.000			
2298	159.000			
2299	155.000			
2300	155.000			
2301	151.000			
2302	148.000			
2303	148.000			
2304	145.000			
2305	145.000			
2306	141.000			
2307	141.000			
2308	137.000			
2309	131.000			
2310	131.000			
2311	126.000			
2312	126.000			
2313	121.000			
2314	117.000			
2315	117.000			
2316	114.000			
2317	114.000			
2318	111.000			
2319	110.000			
2320	110.000			
2321	108.000			
2322	108.000			
2323	106.000			
2324	106.000			
2325	103.000			
2326	100.000			
2327	100.000			
2328	96.000			
2329	96.000			
2330	92.000			
2331	88.000			
2332	88.000			
2333	83.000			
2334	83.000			
2335	79.000			
2336	79.000			
2337	75.000			
2338	72.000			
2339	72.000			
2340	68.000			
2341	68.000			
2342	65.000			
2343	61.000			
2344	61.000			
2345	58.000			
2346	58.000			
2347	56.000			
2348	53.000			
2349	53.000			
2350	52.000			
2351	52.000			
2352	50.000			
2353	50.000			
2354	48.000			
2355	47.000			
2356	47.000			
2357	46.000			
2358	46.000			
2359	45.000			
2360	44.000			
2361	44.000			
2362	44.000			
2363	44.000			
2364	43.000			
2365	43.000			
2366	43.000			
2367	46.000			
2368	46.000			
2369	53.000			
2370	53.000			
2371	65.000			
2372	81.000			
2373	81.000			
2374	101.000			
2375	101.000			
2376	121.000			
2377	138.000			
2378	138.000			
2379	150.000			
2380	150.000			
2381	155.000			
2382	155.000			
2383	156.000			
2384	153.000			
2385	153.000			
2386	149.000			
2387	149.000			
2388	144.000			
2389	139.000			
2390	139.000			
2391	135.000			
2392	135.000			
2393	132.000			
2394	132.000			
2395	128.000			
2396	125.000			
2397	125.000			
2398	121.000			
2399	121.000			
2400	116.000			
2401	111.000			
2402	111.000			
2403	106.000			
2404	106.000			
2405	102.000			
2406	98.000			
2407	98.000			
2408	96.000			
2409	96.000			
2410	94.000			
2411	94.000			
2412	93.000			
2413	92.000			
2414	92.000			
2415	91.000			
2416	91.000			
2417	89.000			
2418	86.000			
2419	86.000			
2420	82.000			
2421	82.000			
2422	78.000			
2423	78.000			
2424	74.000			
2425	71.000			
2426	71.000			
2427	67.000			
2428	67.000			
2429	64.000			
2430	61.000			
2431	61.000			
2432	58.000			
2433	58.000			
2434	55.000			
2435	53.000			
2436	53.000			
2437	51.000			
2438	51.000			
2439	50.000			
2440	50.000			
2441	49.000			
2442	48.000			
2443	48.000			
2444	47.000			
2445	47.000			
2446	47.000			
2447	46.000			
2448	46.000			
2449	46.000			
2450	46.000			
2451	46.000			
2452	46.000			
2453	47.000			
2454	47.000			
2455	47.000			
2456	47.000			
2457	47.000			
2458	47.000			
2459	49.000			
2460	49.000			
2461	55.000			
2462	55.000			
2463	65.000			
2464	65.000			
2465	81.000			
2466	99.000			
2467	99.000			
2468	117.000			
2469	117.000			
2470	133.000			
2471	143.000			
2472	143.000			
2473	148.000			
2474	148.000			
2475	149.000			
2476	146.000			
2477	146.000			
2478	141.000			
2479	141.000			
2480	137.000			
2481	137.000			
2482	133.000			
2483	130.000			
2484	130.000			
2485	127.000			
2486	127.000			
2487	125.000			
2488	123.000			
2489	123.000			
2490	119.000			
2491	119.000			
2492	115.000			
2493	115.000			
2494	111.000			
2495	106.000			
2496	106.000			
2497	103.000			
2498	103.000			
2499	100.000			
2500	99.000			
2501	99.000			
2502	98.000			
2503	98.000			
2504	97.000			
2505	96.000			
2506	96.000			
2507	95.000			
2508	95.000			
2509	93.000			
2510	93.000			
2511	91.000			
2512	88.000			
2513	88.000			
2514	86.000			
2515	86.000			
2516	83.000			
2517	81.000			
2518	81.000			
2519	79.000			
2520	79.000			
2521	76.000			
2522	76.000			
2523	74.000			
2524	72.000			
2525	72.000			
2526	71.000			
2527	71.000			
2528	70.000			
2529	68.000			
2530	68.000			
2531	67.000			
2532	67.000			
2533	66.000			
2534	65.000			
2535	65.000			
2536	64.000			
2537	64.000			
2538	63.000			
2539	63.000			
2540	63.000			
2541	63.000			
2542	63.000			
2543	63.000			
2544	63.000			
2545	63.000			
2546	63.000			
2547	63.000			
2548	62.000			
2549	62.000			
2550	63.000			
2551	63.000			
2552	66.000			
2553	74.000			
2554	74.000			
2555	86.000			
2556	86.000			
2557	102.000			
2558	119.000			
2559	119.000			
2560	135.000			
2561	135.000			
2562	147.000			
2563	154.000			
2564	154.000			
2565	155.000			
2566	155.000			
2567	153.000			
2568	153.000			
2569	149.000			
2570	144.000			
2571	144.000			
2572	139.000			
2573	139.000			
2574	136.000			
2575	133.000			
2576	133.000			
2577	131.000			
2578	131.000			
2579	129.000			
2580	129.000			
2581	126.000			
2582	122.000			
2583	122.000			
2584	118.000			
2585	118.000			
2586	114.000			
2587	110.000			
2588	110.000			
2589	107.000			
2590	107.000			
2591	105.000			
2592	105.000			
2593	105.000			
2594	104.000			
2595	104.000			
2596	103.000			
2597	103.000			
2598	103.000			
2599	101.000			
2600	101.000			
2601	99.000			
2602	99.000			
2603	97.000			
2604	94.000			
2605	94.000			
2606	91.000			
2607	91.000			
2608	88.000			
2609	88.000			
2610	86.000			
2611	83.000			
2612	83.000			
2613	81.000			
2614	81.000			
2615	79.000			
2616	77.000			
2617	77.000			
2618	75.000			
2619	75.000			
2620	74.000			
2621	74.000			
2622	72.000			
2623	71.000			
2624	71.000			
2625	70.000			
2626	70.000			
2627	70.000			
2628	69.000			
2629	69.000			
2630	69.000			
2631	69.000			
2632	69.000			
2633	69.000			
2634	69.000			
2635	68.000			
2636	68.000			
2637	68.000			
2638	68.000			
2639	67.000			
2640	66.000			
2641	66.000			
2642	66.000			
2643	66.000			
2644	66.000			
2645	66.000			
2646	66.000			
2647	66.000			
2648	66.000			
2649	65.000			
2650	65.000			
2651	65.000			
2652	66.000			
2653	66.000			
2654	68.000			
2655	68.000			
2656	75.000			
2657	86.000			
2658	86.000			
2659	102.000			
2660	102.000			
2661	120.000			
2662	137.000			
2663	137.000			
2664	151.000			
2665	151.000			
2666	160.000			
2667	160.000			
2668	163.000			
2669	162.000			
2670	162.000			
2671	158.000			
2672	158.000			
2673	153.000			
2674	148.000			
2675	148.000			
2676	144.000			
2677	144.000			
2678	140.000			
2679	140.000			
2680	138.000			
2681	135.000			
2682	135.000			
2683	133.000			
2684	133.000			
2685	130.000			
2686	127.000			
2687	127.000			
2688	123.000			
2689	123.000			
2690	119.000			
2691	116.000			
2692	116.000			
2693	114.000			
2694	114.000			
2695	112.000			
2696	112.000			
2697	112.000			
2698	111.000			
2699	111.000			
2700	110.000			
2701	110.000			
2702	109.000			
2703	108.000			
2704	108.000			
2705	106.000			
2706	106.000			
2707	103.000			
2708	103.000			
2709	100.000			
2710	98.000			
2711	98.000			
2712	95.000			
2713	95.000			
2714	92.000			
2715	90.000			
2716	90.000			
2717	88.000			
2718	88.000			
2719	86.000			
2720	86.000			
2721	85.000			
2722	83.000			
2723	83.000			
2724	82.000			
2725	82.000			
2726	81.000			
2727	79.000			
2728	79.000			
2729	78.000			
2730	78.000			
2731	78.000			
2732	77.000			
2733	77.000			
2734	77.000			
2735	77.000			
2736	77.000			
2737	77.000			
2738	76.000			
2739	76.000			
2740	76.000			
2741	76.000			
2742	76.000			
2743	75.000			
2744	75.000			
2745	75.000			
2746	75.000			
2747	75.000			
2748	75.000			
2749	75.000			
2750	74.000			
2751	74.000			
2752	74.000			
2753	74.000			
2754	74.000			
2755	73.000			
2756	73.000			
2757	73.000			
2758	74.000			
2759	74.000			
2760	79.000			
2761	88.000			
2762	88.000			
2763	102.000			
2764	102.000			
2765	119.000			
2766	119.000			
2767	136.000			
2768	149.000			
2769	149.000			
2770	158.000			
2771	158.000			
2772	161.000			
2773	159.000			
2774	159.000			
2775	155.000			
2776	155.000			
2777	149.000			
2778	149.000			
2779	144.000			
2780	139.000			
2781	139.000			
2782	136.000			
2783	136.000			
2784	133.000			
2785	131.000			
2786	131.000			
2787	128.000			
2788	128.000			
2789	125.000			
2790	122.000			
2791	122.000			
2792	119.000			
2793	119.000			
2794	116.000			
2795	116.000			
2796	113.000			
2797	112.000			
2798	112.000			
2799	111.000			
2800	111.000			
2801	111.000			
2802	111.000			
2803	111.000			
2804	110.000			
2805	110.000			
2806	109.000			
2807	109.000			
2808	108.000			
2809	106.000			
2810	106.000			
2811	103.000			
2812	103.000			
2813	100.000			
2814	98.000			
2815	98.000			
2816	95.000			
2817	95.000			
2818	92.000			
2819	90.000			
2820	90.000			
2821	88.000			
2822	88.000			
2823	87.000			
2824	87.000			
2825	85.000			
2826	83.000			
2827	83.000			
2828	82.000			
2829	82.000			
2830	80.000			
2831	79.000			
2832	79.000			
2833	78.000			
2834	78.000			
2835	77.000			
2836	77.000			
2837	77.000			
2838	77.000			
2839	77.000			
2840	77.000			
2841	77.000			
2842	77.000			
2843	77.000			
2844	77.000			
2845	77.000			
2846	77.000			
2847	76.000			
2848	76.000			
2849	76.000			
2850	75.000			
2851	75.000			
2852	75.000			
2853	75.000			
2854	74.000			
2855	74.000			
2856	74.000			
2857	73.000			
2858	73.000			
2859	73.000			
2860	72.000			
2861	72.000			
2862	72.000			
2863	72.000			
2864	72.000			
2865	72.000			
2866	74.000			
2867	80.000			
2868	80.000			
2869	90.000			
2870	90.000			
2871	104.000			
2872	120.000			
2873	120.000			
2874	137.000			
2875	137.000			
2876	150.000			
2877	150.000			
2878	158.000			
2879	161.000			
2880	161.000			
2881	159.000			
2882	159.000			
2883	154.000			
2884	147.000			
2885	147.000			
2886	141.000			
2887	141.000			
2888	135.000			
2889	131.000			
2890	131.000			
2891	128.000			
2892	128.000			
2893	125.000			
2894	125.000			
2895	123.000			
2896	121.000			
2897	121.000			
2898	118.000			
2899	118.000			
2900	115.000			
2901	112.000			
2902	112.000			
2903	111.000			
2904	111.000			
2905	110.000			
2906	110.000			
2907	110.000			
2908	110.000			
2909	110.000			
2910	110.000			
2911	110.000			
2912	109.000			
2913	108.000			
2914	108.000			
2915	107.000			
2916	107.000			
2917	104.000			
2918	101.000			
2919	101.000			
2920	99.000			
2921	99.000			
2922	96.000			
2923	96.000			
2924	93.000			
2925	90.000			
2926	90.000			
2927	88.000			
2928	88.000			
2929	86.000			
2930	83.000			
2931	83.000			
2932	81.000			
2933	81.000			
2934	80.000			
2935	80.000			
2936	79.000			
2937	78.000			
2938	78.000			
2939	77.000			
2940	77.000			
2941	76.000			
2942	76.000			
2943	76.000			
2944	75.000			
2945	75.000			
2946	75.000			
2947	75.000			
2948	75.000			
2949	75.000			
2950	75.000			
2951	75.000			
2952	75.000			
2953	75.000			
2954	75.000			
2955	75.000			
2956	74.000			
2957	74.000			
2958	74.000			
2959	74.000			
2960	74.000			
2961	74.000			
2962	74.000			
2963	74.000			
2964	74.000			
2965	74.000			
2966	74.000			
2967	74.000			
2968	73.000			
2969	73.000			
2970	72.000			
2971	72.000			
2972	72.000			
2973	74.000			
2974	74.000			
2975	80.000			
2976	90.000			
2977	90.000			
2978	104.000			
2979	104.000			
2980	121.000			
2981	121.000			
2982	137.000			
2983	150.000			
2984	150.000			
2985	159.000			
2986	159.000			
2987	161.000			
2988	160.000			
2989	160.000			
2990	155.000			
2991	155.000			
2992	149.000			
2993	149.000			
2994	143.000			
2995	137.000			
2996	137.000			
2997	133.000			
2998	133.000			
2999	130.000			
3000	128.000			
3001	128.000			
3002	126.000			
3003	126.000			
3004	124.000			
3005	124.000			
3006	121.000			
3007	119.000			
3008	119.000			
3009	116.000			
3010	116.000			
3011	114.000			
3012	113.000			
3013	113.000			
3014	112.000			
3015	112.000			
3016	112.000			
3017	111.000			
3018	111.000			
3019	111.000			
3020	111.000			
3021	110.000			
3022	110.000			
3023	108.000			
3024	106.000			
3025	106.000			
3026	103.000			
3027	103.000			
3028	100.000			
3029	98.000			
3030	98.000			
3031	95.000			
3032	95.000			
3033	92.000			
3034	92.000			
3035	90.000			
3036	88.000			
3037	88.000			
3038	86.000			
3039	86.000			
3040	84.000			
3041	83.000			
3042	83.000			
3043	82.000			
3044	82.000			
3045	82.000			
3046	81.000			
3047	81.000			
3048	81.000			
3049	81.000			
3050	82.000			
3051	82.000			
3052	82.000			
3053	82.000			
3054	82.000			
3055	82.000			
3056	82.000			
3057	82.000			
3058	82.000			
3059	82.000			
3060	82.000			
3061	82.000			
3062	82.000			
3063	82.000			
3064	82.000			
3065	81.000			
3066	81.000			
3067	80.000			
3068	80.000			
3069	80.000			
3070	79.000			
3071	79.000			
3072	78.000			
3073	78.000			
3074	79.000			
3075	83.000			
3076	83.000			
3077	91.000			
3078	91.000			
3079	103.000			
3080	103.000			
3081	118.000			
3082	133.000			
3083	133.000			
3084	146.000			
3085	146.000			
3086	154.000			
3087	157.000			
3088	157.000			
3089	156.000			
3090	156.000			
3091	152.000			
3092	152.000			
3093	147.000			
3094	142.000			
3095	142.000			
3096	138.000			
3097	138.000			
3098	135.000			
3099	132.000			
3100	132.000			
3101	130.000			
3102	130.000			
3103	129.000			
3104	126.000			
3105	126.000			
3106	124.000			
3107	124.000			
3108	121.000			
3109	121.000			
3110	118.000			
3111	116.000			
3112	116.000			
3113	115.000			
3114	115.000			
3115	114.000			
3116	115.000			
3117	115.000			
3118	115.000			
3119	115.000			
3120	115.000			
3121	115.000			
3122	115.000			
3123	113.000			
3124	113.000			
3125	111.000			
3126	111.000			
3127	109.000			
3128	106.000			
3129	106.000			
3130	103.000			
3131	103.000			
3132	100.000			
3133	100.000			
3134	97.000			
3135	95.000			
3136	95.000			
3137	92.000			
3138	92.000			
3139	90.000			
3140	88.000			
3141	88.000			
3142	86.000			
3143	86.000			
3144	84.000			
3145	83.000			
3146	83.000			
3147	81.000			
3148	81.000			
3149	80.000			
3150	80.000			
3151	79.000			
3152	79.000			
3153	79.000			
3154	78.000			
3155	78.000			
3156	77.000			
3157	77.000			
3158	77.000			
3159	76.000			
3160	76.000			
3161	75.000			
3162	75.000			
3163	74.000			
3164	73.000			
3165	73.000			
3166	72.000			
3167	72.000			
3168	72.000			
3169	71.000			
3170	71.000			
3171	71.000			
3172	71.000			
3173	70.000			
3174	70.000			
3175	70.000			
3176	70.000			
3177	70.000			
3178	70.000			
3179	70.000			
3180	73.000			
3181	79.000			
3182	79.000			
3183	90.000			
3184	90.000			
3185	104.000			
3186	121.000			
3187	121.000			
3188	137.000			
3189	137.000			
3190	149.000			
3191	149.000			
3192	157.000			
3193	159.000			
3194	159.000			
3195	157.000			
3196	157.000			
3197	154.000			
3198	150.000			
3199	150.000			
3200	146.000			
3201	146.000			
3202	143.000			
3203	142.000			
3204	142.000			
3205	141.000			
3206	141.000			
3207	140.000			
3208	140.000			
3209	139.000			
3210	136.000			
3211	136.000			
3212	132.000			
3213	132.000			
3214	128.000			
3215	124.000			
3216	124.000			
3217	121.000			
3218	121.000			
3219	119.000			
3220	119.000			
3221	118.000			
3222	118.000			
3223	118.000			
3224	118.000			
3225	118.000			
3226	117.000			
3227	116.000			
3228	116.000			
3229	115.000			
3230	115.000			
3231	113.000			
3232	110.000			
3233	110.000			
3234	108.000			
3235	108.000			
3236	105.000			
3237	105.000			
3238	103.000			
3239	100.000			
3240	100.000			
3241	98.000			
3242	98.000			
3243	96.000			
3244	93.000			
3245	93.000			
3246	91.000			
3247	91.000			
3248	89.000			
3249	89.000			
3250	87.000			
3251	85.000			
3252	85.000			
3253	84.000			
3254	84.000			
3255	82.000			
3256	81.000			
3257	81.000			
3258	81.000			
3259	81.000			
3260	80.000			
3261	80.000			
3262	80.000			
3263	80.000			
3264	80.000			
3265	80.000			
3266	80.000			
3267	79.000			
3268	78.000			
3269	78.000			
3270	77.000			
3271	77.000			
3272	76.000			
3273	75.000			
3274	75.000			
3275	74.000			
3276	74.000			
3277	73.000			
3278	73.000			
3279	72.000			
3280	71.000			
3281	71.000			
3282	71.000			
3283	71.000			
3284	73.000			
3285	79.000			
3286	79.000			
3287	90.000			
3288	90.000			
3289	104.000			
3290	104.000			
3291	120.000			
3292	135.000			
3293	135.000			
3294	146.000			
3295	146.000			
3296	152.000			
3297	154.000			
3298	154.000			
3299	153.000			
3300	153.000			
3301	150.000			
3302	147.000			
3303	147.000			
3304	144.000			
3305	144.000			
3306	142.000			
3307	142.000			
3308	141.000			
3309	139.000			
3310	139.000			
3311	138.000			
3312	138.000			
3313	136.000			
3314	132.000			
3315	132.000			
3316	128.000			
3317	128.000			
3318	124.000			
3319	124.000			
3320	120.000			
3321	116.000			
3322	116.000			
3323	114.000			
3324	114.000			
3325	113.000			
3326	111.000			
3327	111.000			
3328	110.000			
3329	110.000			
3330	108.000			
3331	106.000			
3332	106.000			
3333	104.000			
3334	104.000			
3335	101.000			
3336	101.000			
3337	98.000			
3338	95.000			
3339	95.000			
3340	92.000			
3341	92.000			
3342	89.000			
3343	86.000			
3344	86.000			
3345	83.000			
3346	83.000			
3347	80.000			
3348	80.000			
3349	78.000			
3350	75.000			
3351	75.000			
3352	73.000			
3353	73.000			
3354	72.000			
3355	71.000			
3356	71.000			
3357	70.000			
3358	70.000			
3359	69.000			
3360	68.000			
3361	68.000			
3362	67.000			
3363	67.000			
3364	66.000			
3365	66.000			
3366	65.000			
3367	65.000			
3368	65.000			
3369	64.000			
3370	64.000			
3371	63.000			
3372	62.000			
3373	62.000			
3374	61.000			
3375	61.000			
3376	60.000			
3377	60.000			
3378	58.000			
3379	57.000			
3380	57.000			
3381	56.000			
3382	56.000			
3383	56.000			
3384	56.000			
3385	56.000			
3386	56.000			
3387	56.000			
3388	56.000			
3389	56.000			
3390	56.000			
3391	57.000			
3392	57.000			
3393	57.000			
3394	57.000			
3395	57.000			
3396	57.000			
3397	57.000			
3398	58.000			
3399	58.000			
3400	61.000			
3401	68.000			
3402	68.000			
3403	79.000			
3404	79.000			
3405	93.000			
3406	93.000			
3407	109.000			
3408	123.000			
3409	123.000			
3410	133.000			
3411	133.000			
3412	139.000			
3413	140.000			
3414	140.000			
3415	138.000			
3416	138.000			
3417	134.000			
3418	134.000			
3419	131.000			
3420	128.000			
3421	128.000			
3422	127.000			
3423	127.000			
3424	127.000			
3425	127.000			
3426	127.000			
3427	127.000			
3428	127.000			
3429	127.000			
3430	125.000			
3431	125.000			
3432	122.000			
3433	122.000			
3434	118.000			
3435	118.000			
3436	114.000			
3437	111.000			
3438	111.000			
3439	108.000			
3440	108.000			
3441	107.000			
3442	106.000			
3443	106.000			
3444	106.000			
3445	106.000			
3446	105.000			
3447	105.000			
3448	104.000			
3449	103.000			
3450	103.000			
3451	101.000			
3452	101.000			
3453	99.000			
3454	97.000			
3455	97.000			
3456	95.000			
3457	95.000			
3458	93.000			
3459	92.000			
3460	92.000			
3461	90.000			
3462	90.000			
3463	89.000			
3464	89.000			
3465	87.000			
3466	86.000			
3467	86.000			
3468	84.000			
3469	84.000			
3470	83.000			
3471	82.000			
3472	82.000			
3473	82.000			
3474	82.000			
3475	82.000			
3476	82.000			
3477	82.000			
3478	84.000			
3479	84.000			
3480	89.000			
3481	89.000			
3482	97.000			
3483	108.000			
3484	108.000			
3485	119.000			
3486	119.000			
3487	130.000			
3488	137.000			
3489	137.000			
3490	141.000			
3491	141.000			
3492	141.000			
3493	141.000			
3494	139.000			
3495	135.000			
3496	135.000			
3497	131.000			
3498	131.000			
3499	127.000			
3500	124.000			
3501	124.000			
3502	121.000			
3503	121.000			
3504	118.000			
3505	118.000			
3506	115.000			
3507	112.000			
3508	112.000			
3509	108.000			
3510	108.000			
3511	105.000			
3512	103.000			
3513	103.000			
3514	102.000			
3515	102.000			
3516	102.000			
3517	103.000			
3518	103.000			
3519	104.000			
3520	104.000			
3521	104.000			
3522	104.000			
3523	105.000			
3524	104.000			
3525	104.000			
3526	103.000			
3527	103.000			
3528	101.000			
3529	98.000			
3530	98.000			
3531	95.000			
3532	95.000			
3533	92.000			
3534	92.000			
3535	89.000			
3536	87.000			
3537	87.000			
3538	85.000			
3539	85.000			
3540	84.000			
3541	83.000			
3542	83.000			
3543	83.000			
3544	83.000			
3545	83.000			
3546	83.000			
3547	82.000			
3548	82.000			
3549	82.000			
3550	81.000			
3551	81.000			
3552	79.000			
3553	77.000			
3554	77.000			
3555	75.000			
3556	75.000			
3557	73.000			
3558	71.000			
3559	71.000			
3560	71.000			
3561	71.000			
3562	71.000			
3563	71.000			
3564	70.000			
3565	69.000			
3566	69.000			
3567	67.000			
3568	67.000			
3569	64.000			
3570	61.000			
3571	61.000			
3572	57.000			
3573	57.000			
3574	55.000			
3575	55.000			
3576	52.000			
3577	50.000			
3578	50.000			
3579	49.000			
3580	49.000			
3581	47.000			
3582	47.000			
3583	47.000			
3584	47.000			
3585	47.000			
3586	50.000			
3587	57.000			
3588	57.000			
3589	68.000			
3590	68.000			
3591	83.000			
3592	83.000			
3593	101.000			
3594	118.000			
3595	118.000			
3596	132.000			
3597	132.000			
3598	141.000			
3599	144.000			
3600	144.000			
3601	144.000			
3602	144.000			
3603	142.000			
3604	142.000			
3605	140.000			
3606	138.000			
3607	138.000			
3608	137.000			
3609	137.000			
3610	136.000			
3611	134.000			
3612	134.000			
3613	132.000			
3614	132.000			
3615	130.000			
3616	127.000			
3617	127.000			
3618	124.000			
3619	124.000			
3620	121.000			
3621	121.000			
3622	119.000			
3623	118.000			
3624	118.000			
3625	118.000			
3626	118.000			
3627	120.000			
3628	121.000			
3629	121.000			
3630	121.000			
3631	121.000			
3632	121.000			
3633	121.000			
3634	119.000			
3635	116.000			
3636	116.000			
3637	112.000			
3638	112.000			
3639	109.000			
3640	106.000			
3641	106.000			
3642	104.000			
3643	104.000			
3644	102.000			
3645	101.000			
3646	101.000			
3647	100.000			
3648	100.000			
3649	99.000			
3650	99.000			
3651	99.000			
3652	100.000			
3653	100.000			
3654	100.000			
3655	100.000			
3656	101.000			
3657	102.000			
3658	102.000			
3659	102.000			
3660	102.000			
3661	101.000			
3662	101.000			
3663	99.000			
3664	97.000			
3665	97.000			
3666	93.000			
3667	93.000			
3668	90.000			
3669	87.000			
3670	87.000			
3671	84.000			
3672	84.000			
3673	80.000			
3674	77.000			
3675	77.000			
3676	73.000			
3677	73.000			
3678	70.000			
3679	70.000			
3680	70.000			
3681	72.000			
3682	72.000			
3683	77.000			
3684	77.000			
3685	87.000			
3686	100.000			
3687	100.000			
3688	114.000			
3689	114.000			
3690	127.000			
3691	127.000			
3692	136.000			
3693	141.000			
3694	141.000			
3695	142.000			
3696	142.000			
3697	141.000			
3698	139.000			
3699	139.000			
3700	138.000			
3701	138.000			
3702	138.000			
3703	138.000			
3704	140.000			
3705	141.000			
3706	141.000			
3707	142.000			
3708	142.000			
3709	142.000			
3710	141.000			
3711	141.000			
3712	138.000			
3713	138.000			
3714	133.000			
3715	128.000			
3716	128.000			
3717	122.000			
3718	122.000			
3719	117.000			
3720	117.000			
3721	112.000			
3722	108.000			
3723	108.000			
3724	104.000			
3725	104.000			
3726	101.000			
3727	98.000			
3728	98.000			
3729	95.000			
3730	95.000			
3731	94.000			
3732	94.000			
3733	93.000			
3734	92.000			
3735	92.000			
3736	90.000			
3737	90.000			
3738	88.000			
3739	85.000			
3740	85.000			
3741	82.000			
3742	82.000			
3743	78.000			
3744	75.000			
3745	75.000			
3746	73.000			
3747	73.000			
3748	71.000			
3749	71.000			
3750	71.000			
3751	71.000			
3752	71.000			
3753	71.000			
3754	71.000			
3755	71.000			
3756	71.000			
3757	71.000			
3758	70.000			
3759	70.000			
3760	68.000			
3761	68.000			
3762	66.000			
3763	66.000			
3764	66.000			
3765	66.000			
3766	66.000			
3767	66.000			
3768	67.000			
3769	67.000			
3770	68.000			
3771	68.000			
3772	69.000			
3773	69.000			
3774	69.000			
3775	71.000			
3776	71.000			
3777	75.000			
3778	75.000			
3779	82.000			
3780	93.000			
3781	93.000			
3782	104.000			
3783	104.000			
3784	115.000			
3785	122.000			
3786	122.000			
3787	124.000			
3788	124.000			
3789	123.000			
3790	123.000			
3791	119.000			
3792	115.000			
3793	115.000			
3794	112.000			
3795	112.000			
3796	111.000			
3797	110.000			
3798	110.000			
3799	110.000			
3800	110.000			
3801	111.000			
3802	110.000			
3803	110.000			
3804	109.000			
3805	109.000			
3806	107.000			
3807	107.000			
3808	104.000			
3809	101.000			
3810	101.000			
3811	99.000			
3812	99.000			
3813	98.000			
3814	97.000			
3815	97.000			
3816	96.000			
3817	96.000			
3818	96.000			
3819	96.000			
3820	96.000			
3821	96.000			
3822	96.000			
3823	96.000			
3824	96.000			
3825	96.000			
3826	95.000			
3827	95.000			
3828	93.000			
3829	93.000			
3830	92.000			
3831	92.000			
3832	89.000			
3833	87.000			
3834	87.000			
3835	85.000			
3836	85.000			
3837	84.000			
3838	82.000			
3839	82.000			
3840	81.000			
3841	81.000			
3842	80.000			
3843	79.000			
3844	79.000			
3845	79.000			
3846	79.000			
3847	79.000			
3848	79.000			
3849	79.000			
3850	79.000			
3851	79.000			
3852	80.000			
3853	80.000			
3854	80.000			
3855	81.000			
3856	81.000			
3857	81.000			
3858	81.000			
3859	82.000			
3860	82.000			
3861	82.000			
3862	82.000			
3863	82.000			
3864	82.000			
3865	82.000			
3866	81.000			
3867	81.000			
3868	81.000			
3869	80.000			
3870	80.000			
3871	79.000			
3872	78.000			
3873	78.000			
3874	76.000			
3875	76.000			
3876	75.000			
3877	75.000			
3878	73.000			
3879	71.000			
3880	71.000			
3881	70.000			
3882	70.000			
3883	70.000			
3884	73.000			
3885	73.000			
3886	79.000			
3887	79.000			
3888	90.000			
3889	90.000			
3890	103.000			
3891	118.000			
3892	118.000			
3893	131.000			
3894	131.000			
3895	141.000			
3896	146.000			
3897	146.000			
3898	146.000			
3899	146.000			
3900	143.000			
3901	139.000			
3902	139.000			
3903	135.000			
3904	135.000			
3905	132.000			
3906	132.000			
3907	130.000			
3908	128.000			
3909	128.000			
3910	127.000			
3911	127.000			
3912	125.000			
3913	122.000			
3914	122.000			
3915	119.000			
3916	119.000			
3917	115.000			
3918	115.000			
3919	110.000			
3920	107.000			
3921	107.000			
3922	104.000			
3923	104.000			
3924	103.000			
3925	103.000			
3926	103.000			
3927	104.000			
3928	104.000			
3929	106.000			
3930	107.000			
3931	107.000			
3932	107.000			
3933	107.000			
3934	107.000			
3935	107.000			
3936	106.000			
3937	105.000			
3938	105.000			
3939	104.000			
3940	104.000			
3941	102.000			
3942	100.000			
3943	100.000			
3944	98.000			
3945	98.000			
3946	95.000			
3947	95.000			
3948	93.000			
3949	92.000			
3950	92.000			
3951	90.000			
3952	90.000			
3953	89.000			
3954	88.000			
3955	88.000			
3956	87.000			
3957	87.000			
3958	87.000			
3959	87.000			
3960	87.000			
3961	87.000			
3962	87.000			
3963	86.000			
3964	86.000			
3965	86.000			
3966	85.000			
3967	85.000			
3968	84.000			
3969	84.000			
3970	83.000			
3971	83.000			
3972	83.000			
3973	82.000			
3974	82.000			
3975	82.000			
3976	82.000			
3977	81.000			
3978	80.000			
3979	80.000			
3980	79.000			
3981	79.000			
3982	78.000			
3983	78.000			
3984	78.000			
3985	78.000			
3986	78.000			
3987	77.000			
3988	77.000			
3989	77.000			
3990	76.000			
3991	76.000			
3992	76.000			
3993	76.000			
3994	76.000			
3995	75.000			
3996	75.000			
3997	76.000			
3998	76.000			
3999	76.000			
4000	76.000			
4001	76.000			
4002	77.000			
4003	77.000			
4004	78.000			
4005	78.000			
4006	79.000			
4007	83.000			
4008	83.000			
4009	90.000			
4010	90.000			
4011	100.000			
4012	114.000			
4013	114.000			
4014	128.000			
4015	128.000			
4016	140.000			
4017	140.000			
4018	149.000			
4019	152.000			
4020	152.000			
4021	152.000			
4022	152.000			
4023	149.000			
4024	144.000			
4025	144.000			
4026	140.000			
4027	140.000			
4028	137.000			
4029	135.000			
4030	135.000			
4031	134.000			
4032	134.000			
4033	133.000			
4034	133.000			
4035	132.000			
4036	131.000			
4037	131.000			
4038	128.000			
4039	128.000			
4040	124.000			
4041	120.000			
4042	120.000			
4043	116.000			
4044	116.000			
4045	113.000			
4046	113.000			
4047	112.000			
4048	111.000			
4049	111.000			
4050	111.000			
4051	111.000			
4052	111.000			
4053	110.000			
4054	110.000			
4055	109.000			
4056	109.000			
4057	107.000			
4058	106.000			
4059	106.000			
4060	105.000			
4061	105.000			
4062	104.000			
4063	104.000			
4064	103.000			
4065	102.000			
4066	102.000			
4067	100.000			
4068	100.000			
4069	98.000			
4070	96.000			
4071	96.000			
4072	95.000			
4073	95.000			
4074	93.000			
4075	93.000			
4076	92.000			
4077	91.000			
4078	91.000			
4079	90.000			
4080	90.000			
4081	89.000			
4082	88.000			
4083	88.000			
4084	89.000			
4085	89.000			
4086	91.000			
4087	97.000			
4088	97.000			
4089	105.000			
4090	105.000			
4091	114.000			
4092	114.000			
4093	124.000			
4094	132.000			
4095	132.000			
4096	137.000			
4097	137.000			
4098	139.000			
4099	138.000			
4100	138.000			
4101	136.000			
4102	136.000			
4103	133.000			
4104	133.000			
4105	130.000			
4106	128.000			
4107	128.000			
4108	126.000			
4109	126.000			
4110	125.000			
4111	124.000			
4112	124.000			
4113	122.000			
4114	122.000			
4115	120.000			
4116	120.000			
4117	118.000			
4118	114.000			
4119	114.000			
4120	111.000			
4121	111.000			
4122	108.000			
4123	106.000			
4124	106.000			
4125	105.000			
4126	105.000			
4127	105.000			
4128	104.000			
4129	104.000			
4130	103.000			
4131	103.000			
4132	102.000			
4133	102.000			
4134	100.000			
4135	97.000			
4136	97.000			
4137	94.000			
4138	94.000			
4139	92.000			
4140	89.000			
4141	89.000			
4142	87.000			
4143	87.000			
4144	85.000			
4145	85.000			
4146	84.000			
4147	82.000			
4148	82.000			
4149	81.000			
4150	81.000			
4151	79.000			
4152	78.000			
4153	78.000			
4154	77.000			
4155	77.000			
4156	77.000			
4157	76.000			
4158	76.000			
4159	76.000			
4160	76.000			
4161	75.000			
4162	75.000			
4163	75.000			
4164	75.000			
4165	75.000			
4166	75.000			
4167	75.000			
4168	75.000			
4169	75.000			
4170	75.000			
4171	75.000			
4172	75.000			
4173	75.000			
4174	75.000			
4175	75.000			
4176	75.000			
4177	75.000			
4178	75.000			
4179	75.000			
4180	75.000			
4181	74.000			
4182	74.000			
4183	74.000			
4184	74.000			
4185	73.000			
4186	73.000			
4187	73.000			
4188	73.000			
4189	73.000			
4190	73.000			
4191	73.000			
4192	73.000			
4193	73.000			
4194	73.000			
4195	73.000			
4196	73.000			
4197	73.000			
4198	73.000			
4199	73.000			
4200	73.000			
4201	73.000			
4202	73.000			
4203	73.000			
4204	73.000			
4205	73.000			
4206	73.000			
4207	73.000			
4208	73.000			
4209	74.000			
4210	75.000			
4211	75.000			
4212	75.000			
4213	75.000			
4214	76.000			
4215	76.000			
4216	76.000			
4217	76.000			
4218	76.000			
4219	77.000			
4220	77.000			
4221	79.000			
4222	85.000			
4223	85.000			
4224	95.000			
4225	95.000			
4226	109.000			
4227	126.000			
4228	126.000			
4229	143.000			
4230	143.000			
4231	158.000			
4232	158.000			
4233	168.000			
4234	173.000			
4235	173.000			
4236	173.000			
4237	173.000			
4238	170.000			
4239	166.000			
4240	166.000			
4241	161.000			
4242	161.000			
4243	158.000			
4244	158.000			
4245	155.000			
4246	154.000			
4247	154.000			
4248	154.000			
4249	154.000			
4250	153.000			
4251	152.000			
4252	152.000			
4253	151.000			
4254	151.000			
4255	148.000			
4256	145.000			
4257	145.000			
4258	142.000			
4259	142.000			
4260	139.000			
4261	139.000			
4262	136.000			
4263	135.000			
4264	135.000			
4265	134.000			
4266	134.000			
4267	133.000			
4268	131.000			
4269	131.000			
4270	129.000			
4271	129.000			
4272	127.000			
4273	127.000			
4274	123.000			
4275	120.000			
4276	120.000			
4277	116.000			
4278	116.000			
4279	112.000			
4280	109.000			
4281	109.000			
4282	106.000			
4283	106.000			
4284	104.000			
4285	102.000			
4286	102.000			
4287	100.000			
4288	100.000			
4289	98.000			
4290	98.000			
4291	97.000			
4292	96.000			
4293	96.000			
4294	94.000			
4295	94.000			
4296	92.000			
4297	91.000			
4298	91.000			
4299	89.000			
4300	89.000			
4301	88.000			
4302	88.000			
4303	87.000			
4304	86.000			
4305	86.000			
4306	85.000			
4307	85.000			
4308	85.000			
4309	84.000			
4310	84.000			
4311	83.000			
4312	83.000			
4313	81.000			
4314	80.000			
4315	80.000			
4316	79.000			
4317	79.000			
4318	77.000			
4319	77.000			
4320	76.000			
4321	74.000			
4322	74.000			
4323	73.000			
4324	73.000			
4325	72.000			
4326	70.000			
4327	70.000			
4328	69.000			
4329	69.000			
4330	67.000			
4331	67.000			
4332	67.000			
4333	66.000			
4334	66.000			
4335	66.000			
4336	66.000			
4337	66.000			
4338	66.000			
4339	66.000			
4340	66.000			
4341	66.000			
4342	66.000			
4343	66.000			
4344	66.000			
4345	65.000			
4346	65.000			
4347	66.000			
4348	66.000			
4349	70.000			
4350	78.000			
4351	78.000			
4352	90.000			
4353	90.000			
4354	107.000			
4355	125.000			
4356	125.000			
4357	142.000			
4358	142.000			
4359	156.000			
4360	156.000			
4361	166.000			
4362	170.000			
4363	170.000			
4364	172.000			
4365	172.000			
4366	170.000			
4367	168.000			
4368	168.000			
4369	165.000			
4370	165.000			
4371	162.000			
4372	162.000			
4373	161.000			
4374	159.000			
4375	159.000			
4376	158.000			
4377	158.000			
4378	157.000			
4379	155.000			
4380	155.000			
4381	152.000			
4382	152.000			
4383	149.000			
4384	145.000			
4385	145.000			
4386	142.000			
4387	142.000			
4388	140.000			
4389	140.000			
4390	138.000			
4391	136.000			
4392	136.000			
4393	135.000			
4394	135.000			
4395	133.000			
4396	131.000			
4397	131.000			
4398	129.000			
4399	129.000			
4400	127.000			
4401	127.000			
4402	124.000			
4403	121.000			
4404	121.000			
4405	117.000			
4406	117.000			
4407	113.000			
4408	109.000			
4409	109.000			
4410	106.000			
4411	106.000			
4412	102.000			
4413	98.000			
4414	98.000			
4415	95.000			
4416	95.000			
4417	92.000			
4418	92.000			
4419	89.000			
4420	86.000			
4421	86.000			
4422	84.000			
4423	84.000			
4424	83.000			
4425	81.000			
4426	81.000			
4427	81.000			
4428	81.000			
4429	81.000			
4430	81.000			
4431	81.000			
4432	82.000			
4433	82.000			
4434	83.000			
4435	83.000			
4436	83.000			
4437	81.000			
4438	81.000			
4439	79.000			
4440	79.000			
4441	77.000			
4442	74.000			
4443	74.000			
4444	72.000			
4445	72.000			
4446	71.000			
4447	71.000			
4448	69.000			
4449	67.000			
4450	67.000			
4451	65.000			
4452	65.000			
4453	62.000			
4454	59.000			
4455	59.000			
4456	57.000			
4457	57.000			
4458	56.000			
4459	56.000			
4460	55.000			
4461	56.000			
4462	56.000			
4463	56.000			
4464	56.000			
4465	56.000			
4466	55.000			
4467	55.000			
4468	54.000			
4469	54.000			
4470	54.000			
4471	57.000			
4472	57.000			
4473	65.000			
4474	65.000			
4475	78.000			
4476	78.000			
4477	95.000			
4478	114.000			
4479	114.000			
4480	133.000			
4481	133.000			
4482	148.000			
4483	159.000			
4484	159.000			
4485	165.000			
4486	165.000			
4487	167.000			
4488	167.000			
4489	165.000			
4490	161.000			
4491	161.000			
4492	157.000			
4493	157.000			
4494	152.000			
4495	148.000			
4496	148.000			
4497	145.000			
4498	145.000			
4499	143.000			
4500	140.000			
4501	140.000			
4502	137.000			
4503	137.000			
4504	133.000			
4505	133.000			
4506	129.000			
4507	125.000			
4508	125.000			
4509	122.000			
4510	122.000			
4511	119.000			
4512	118.000			
4513	118.000			
4514	118.000			
4515	118.000			
4516	117.000			
4517	117.000			
4518	117.000			
4519	116.000			
4520	116.000			
4521	114.000			
4522	114.000			
4523	112.000			
4524	108.000			
4525	108.000			
4526	104.000			
4527	104.000			
4528	100.000			
4529	100.000			
4530	96.000			
4531	92.000			
4532	92.000			
4533	89.000			
4534	89.000			
4535	85.000			
4536	82.000			
4537	82.000			
4538	79.000			
4539	79.000			
4540	76.000			
4541	73.000			
4542	73.000			
4543	70.000			
4544	70.000			
4545	67.000			
4546	67.000			
4547	66.000			
4548	64.000			
4549	64.000			
4550	63.000			
4551	63.000			
4552	61.000			
4553	59.000			
4554	59.000			
4555	58.000			
4556	58.000			
4557	56.000			
4558	56.000			
4559	55.000			
4560	53.000			
4561	53.000			
4562	52.000			
4563	52.000			
4564	51.000			
4565	51.000			
4566	51.000			
4567	50.000			
4568	50.000			
4569	50.000			
4570	50.000			
4571	50.000			
4572	49.000			
4573	49.000			
4574	49.000			
4575	49.000			
4576	48.000			
4577	48.000			
4578	48.000			
4579	47.000			
4580	47.000			
4581	46.000			
4582	46.000			
4583	46.000			
4584	46.000			
4585	46.000			
4586	46.000			
4587	46.000			
4588	46.000			
4589	47.000			
4590	47.000			
4591	49.000			
4592	49.000			
4593	56.000			
4594	68.000			
4595	68.000			
4596	85.000			
4597	85.000			
4598	106.000			
4599	128.000			
4600	128.000			
4601	149.000			
4602	149.000			
4603	165.000			
4604	165.000			
4605	176.000			
4606	182.000			
4607	182.000			
4608	183.000			
4609	183.000			
4610	181.000			
4611	176.000			
4612	176.000			
4613	171.000			
4614	171.000			
4615	165.000			
4616	165.000			
4617	160.000			
4618	156.000			
4619	156.000			
4620	152.000			
4621	152.000			
4622	149.000			
4623	145.000			
4624	145.000			
4625	141.000			
4626	141.000			
4627	137.000			
4628	134.000			
4629	134.000			
4630	130.000			
4631	130.000			
4632	128.000			
4633	128.000			
4634	126.000			
4635	125.000			
4636	125.000			
4637	123.000			
4638	123.000			
4639	122.000			
4640	120.000			
4641	120.000			
4642	118.000			
4643	118.000			
4644	116.000			
4645	116.000			
4646	113.000			
4647	109.000			
4648	109.000			
4649	106.000			
4650	106.000			
4651	101.000			
4652	97.000			
4653	97.000			
4654	92.000			
4655	92.000			
4656	88.000			
4657	88.000			
4658	83.000			
4659	78.000			
4660	78.000			
4661	73.000			
4662	73.000			
4663	69.000			
4664	65.000			
4665	65.000			
4666	62.000			
4667	62.000			
4668	60.000			
4669	58.000			
4670	58.000			
4671	56.000			
4672	56.000			
4673	55.000			
4674	55.000			
4675	54.000			
4676	53.000			
4677	53.000			
4678	52.000			
4679	52.000			
4680	51.000			
4681	50.000			
4682	50.000			
4683	49.000			
4684	49.000			
4685	48.000			
4686	48.000			
4687	47.000			
4688	46.000			
4689	46.000			
4690	45.000			
4691	45.000			
4692	45.000			
4693	44.000			
4694	44.000			
4695	44.000			
4696	44.000			
4697	44.000			
4698	45.000			
4699	45.000			
4700	45.000			
4701	45.000			
4702	45.000			
4703	45.000			
4704	45.000			
4705	46.000			
4706	46.000			
4707	48.000			
4708	48.000			
4709	53.000			
4710	64.000			
4711	64.000			
4712	80.000			
4713	80.000			
4714	101.000			
4715	101.000			
4716	125.000			
4717	148.000			
4718	148.000			
4719	169.000			
4720	169.000			
4721	184.000			
4722	194.000			
4723	194.000			
4724	198.000			
4725	198.000			
4726	198.000			
4727	195.000			
4728	195.000			
4729	190.000			
4730	190.000			
4731	184.000			
4732	184.000			
4733	179.000			
4734	174.000			
4735	174.000			
4736	169.000			
4737	169.000			
4738	165.000			
4739	161.000			
4740	161.000			
4741	156.000			
4742	156.000			
4743	151.000			
4744	151.000			
4745	146.000			
4746	141.000			
4747	141.000			
4748	137.000			
4749	137.000			
4750	134.000			
4751	132.000			
4752	132.000			
4753	131.000			
4754	131.000			
4755	129.000			
4756	127.000			
4757	127.000			
4758	124.000			
4759	124.000			
4760	120.000			
4761	120.000			
4762	116.000			
4763	111.000			
4764	111.000			
4765	105.000			
4766	105.000			
4767	100.000			
4768	94.000			
4769	94.000			
4770	89.000			
4771	89.000			
4772	84.000			
4773	84.000			
4774	80.000			
4775	75.000			
4776	75.000			
4777	72.000			
4778	72.000			
4779	68.000			
4780	64.000			
4781	64.000			
4782	61.000			
4783	61.000			
4784	59.000			
4785	59.000			
4786	57.000			
4787	55.000			
4788	55.000			
4789	54.000			
4790	54.000			
4791	53.000			
4792	52.000			
4793	52.000			
4794	51.000			
4795	51.000			
4796	51.000			
4797	50.000			
4798	50.000			
4799	49.000			
4800	49.000			
4801	49.000			
4802	49.000			
4803	49.000			
4804	48.000			
4805	48.000			
4806	48.000			
4807	48.000			
4808	48.000			
4809	47.000			
4810	47.000			
4811	47.000			
4812	47.000			
4813	46.000			
4814	46.000			
4815	45.000			
4816	45.000			
4817	45.000			
4818	46.000			
4819	46.000			
4820	50.000			
4821	60.000			
4822	60.000			
4823	75.000			
4824	75.000			
4825	97.000			
4826	122.000			
4827	122.000			
4828	147.000			
4829	147.000			
4830	170.000			
4831	170.000			
4832	188.000			
4833	200.000			
4834	200.000			
4835	207.000			
4836	207.000			
4837	208.000			
4838	206.000			
4839	206.000			
4840	202.000			
4841	202.000			
4842	196.000			
4843	196.000			
4844	191.000			
4845	186.000			
4846	186.000			
4847	182.000			
4848	182.000			
4849	177.000			
4850	172.000			
4851	172.000			
4852	166.000			
4853	166.000			
4854	160.000			
4855	153.000			
4856	153.000			
4857	148.000			
4858	148.000			
4859	143.000			
4860	143.000			
4861	140.000			
4862	137.000			
4863	137.000			
4864	134.000			
4865	134.000			
4866	131.000			
4867	127.000			
4868	127.000			
4869	124.000			
4870	124.000			
4871	120.000			
4872	120.000			
4873	116.000			
4874	112.000			
4875	112.000			
4876	108.000			
4877	108.000			
4878	103.000			
4879	99.000			
4880	99.000			
4881	94.000			
4882	94.000			
4883	89.000			
4884	84.000			
4885	84.000			
4886	78.000			
4887	78.000			
4888	73.000			
4889	73.000			
4890	69.000			
4891	65.000			
4892	65.000			
4893	61.000			
4894	61.000			
4895	58.000			
4896	55.000			
4897	55.000			
4898	53.000			
4899	53.000			
4900	51.000			
4901	51.000			
4902	49.000			
4903	47.000			
4904	47.000			
4905	45.000			
4906	45.000			
4907	43.000			
4908	42.000			
4909	42.000			
4910	41.000			
4911	41.000			
4912	41.000			
4913	42.000			
4914	42.000			
4915	42.000			
4916	42.000			
4917	42.000			
4918	42.000			
4919	41.000			
4920	39.000			
4921	39.000			
4922	38.000			
4923	38.000			
4924	40.000			
4925	45.000			
4926	45.000			
4927	57.000			
4928	57.000			
4929	75.000			
4930	75.000			
4931	97.000			
4932	122.000			
4933	122.000			
4934	146.000			
4935	146.000			
4936	166.000			
4937	180.000			
4938	180.000			
4939	189.000			
4940	189.000			
4941	191.000			
4942	191.000			
4943	189.000			
4944	184.000			
4945	184.000			
4946	177.000			
4947	177.000			
4948	168.000			
4949	160.000			
4950	160.000			
4951	152.000			
4952	152.000			
4953	145.000			
4954	139.000			
4955	139.000			
4956	133.000			
4957	133.000			
4958	127.000			
4959	127.000			
4960	122.000			
4961	117.000			
4962	117.000			
4963	113.000			
4964	113.000			
4965	111.000			
4966	109.000			
4967	109.000			
4968	108.000			
4969	108.000			
4970	108.000			
4971	108.000			
4972	106.000			
4973	104.000			
4974	104.000			
4975	102.000			
4976	102.000			
4977	98.000			
4978	95.000			
4979	95.000			
4980	91.000			
4981	91.000			
4982	87.000			
4983	83.000			
4984	83.000			
4985	78.000			
4986	78.000			
4987	73.000			
4988	73.000			
4989	68.000			
4990	62.000			
4991	62.000			
4992	57.000			
4993	57.000			
4994	52.000			
4995	47.000			
4996	47.000			
4997	44.000			
4998	44.000			
4999	41.000			
5000	41.000			
5001	39.000			
5002	37.000			
5003	37.000			
5004	37.000			
5005	37.000			
5006	36.000			
5007	35.000			
5008	35.000			
5009	35.000			
5010	35.000			
5011	35.000			
5012	34.000			
5013	34.000			
5014	34.000			
5015	34.000			
5016	33.000			
5017	33.000			
5018	33.000			
5019	32.000			
5020	32.000			
5021	32.000			
5022	32.000			
5023	32.000			
5024	32.000			
5025	32.000			
5026	32.000			
5027	32.000			
5028	33.000			
5029	33.000			
5030	35.000			
5031	39.000			
5032	39.000			
5033	48.000			
5034	48.000			
5035	64.000			
5036	86.000			
5037	86.000			
5038	114.000			
5039	114.000			
5040	144.000			
5041	172.000			
5042	172.000			
5043	196.000			
5044	196.000			
5045	213.000			
5046	213.000			
5047	224.000			
5048	228.000			
5049	228.000			
5050	227.000			
5051	227.000			
5052	223.000			
5053	216.000			
5054	216.000			
5055	208.000			
5056	208.000			
5057	200.000			
5058	200.000			
5059	192.000			
5060	184.000			
5061	184.000			
5062	177.000			
5063	177.000			
5064	170.000			
5065	163.000			
5066	163.000			
5067	156.000			
5068	156.000			
5069	149.000			
5070	149.000			
5071	143.000			
5072	138.000			
5073	138.000			
5074	135.000			
5075	135.000			
5076	132.000			
5077	129.000			
5078	129.000			
5079	126.000			
5080	126.000			
5081	122.000			
5082	118.000			
5083	118.000			
5084	113.000			
5085	113.000			
5086	108.000			
5087	108.000			
5088	102.000			
5089	96.000			
5090	96.000			
5091	91.000			
5092	91.000			
5093	85.000			
5094	79.000			
5095	79.000			
5096	73.000			
5097	73.000			
5098	68.000			
5099	68.000			
5100	62.000			
5101	57.000			
5102	57.000			
5103	53.000			
5104	53.000			
5105	49.000			
5106	45.000			
5107	45.000			
5108	42.000			
5109	42.000			
5110	40.000			
5111	37.000			
5112	37.000			
5113	35.000			
5114	35.000			
5115	33.000			
5116	33.000			
5117	32.000			
5118	30.000			
5119	30.000			
5120	29.000			
5121	29.000			
5122	28.000			
5123	27.000			
5124	27.000			
5125	27.000			
5126	27.000			
5127	26.000			
5128	26.000			
5129	25.000			
5130	24.000			
5131	24.000			
5132	23.000			
5133	23.000			
5134	24.000			
5135	28.000			
5136	28.000			
5137	37.000			
5138	37.000			
5139	54.000			
5140	77.000			
5141	77.000			
5142	106.000			
5143	106.000			
5144	136.000			
5145	136.000			
5146	166.000			
5147	190.000			
5148	190.000			
5149	208.000			
5150	208.000			
5151	218.000			
5152	222.000			
5153	222.000			
5154	221.000			
5155	221.000			
5156	216.000			
5157	216.000			
5158	209.000			
5159	201.000			
5160	201.000			
5161	193.000			
5162	193.000			
5163	186.000			
5164	178.000			
5165	178.000			
5166	171.000			
5167	171.000			
5168	164.000			
5169	156.000			
5170	156.000			
5171	148.000			
5172	148.000			
5173	142.000			
5174	142.000			
5175	136.000			
5176	131.000			
5177	131.000			
5178	127.000			
5179	127.000			
5180	124.000			
5181	120.000			
5182	120.000			
5183	116.000			
5184	116.000			
5185	111.000			
5186	111.000			
5187	107.000			
5188	102.000			
5189	102.000			
5190	97.000			
5191	97.000			
5192	92.000			
5193	86.000			
5194	86.000			
5195	81.000			
5196	81.000			
5197	76.000			
5198	76.000			
5199	72.000			
5200	67.000			
5201	67.000			
5202	62.000			
5203	62.000			
5204	57.000			
5205	53.000			
5206	53.000			
5207	49.000			
5208	49.000			
5209	45.000			
5210	43.000			
5211	43.000			
5212	41.000			
5213	41.000			
5214	41.000			
5215	41.000			
5216	41.000			
5217	41.000			
5218	41.000			
5219	40.000			
5220	40.000			
5221	40.000			
5222	39.000			
5223	39.000			
5224	38.000			
5225	38.000			
5226	37.000			
5227	37.000			
5228	36.000			
5229	36.000			
5230	36.000			
5231	36.000			
5232	36.000			
5233	35.000			
5234	34.000			
5235	34.000			
5236	33.000			
5237	33.000			
5238	33.000			
5239	36.000			
5240	36.000			
5241	45.000			
5242	45.000			
5243	61.000			
5244	61.000			
5245	84.000			
5246	113.000			
5247	113.000			
5248	144.000			
5249	144.000			
5250	173.000			
5251	197.000			
5252	197.000			
5253	214.000			
5254	214.000			
5255	223.000			
5256	223.000			
5257	226.000			
5258	223.000			
5259	223.000			
5260	217.000			
5261	217.000			
5262	208.000			
5263	200.000			
5264	200.000			
5265	192.000			
5266	192.000			
5267	185.000			
5268	178.000			
5269	178.000			
5270	171.000			
5271	171.000			
5272	163.000			
5273	163.000			
5274	155.000			
5275	146.000			
5276	146.000			
5277	138.000			
5278	138.000			
5279	131.000			
5280	126.000			
5281	126.000			
5282	122.000			
5283	122.000			
5284	119.000			
5285	119.000			
5286	116.000			
5287	112.000			
5288	112.000			
5289	108.000			
5290	108.000			
5291	103.000			
5292	98.000			
5293	98.000			
5294	93.000			
5295	93.000			
5296	88.000			
5297	83.000			
5298	83.000			
5299	77.000			
5300	77.000			
5301	71.000			
5302	71.000			
5303	66.000			
5304	60.000			
5305	60.000			
5306	54.000			
5307	54.000			
5308	49.000			
5309	45.000			
5310	45.000			
5311	41.000			
5312	41.000			
5313	37.000			
5314	37.000			
5315	34.000			
5316	32.000			
5317	32.000			
5318	31.000			
5319	31.000			
5320	30.000			
5321	30.000			
5322	30.000			
5323	30.000			
5324	30.000			
5325	30.000			
5326	30.000			
5327	30.000			
5328	30.000			
5329	30.000			
5330	30.000			
5331	30.000			
5332	29.000			
5333	28.000			
5334	28.000			
5335	27.000			
5336	27.000			
5337	26.000			
5338	27.000			
5339	27.000			
5340	32.000			
5341	32.000			
5342	42.000			
5343	42.000			
5344	60.000			
5345	85.000			
5346	85.000			
5347	114.000			
5348	114.000			
5349	144.000			
5350	171.000			
5351	171.000			
5352	191.000			
5353	191.000			
5354	205.000			
5355	205.000			
5356	211.000			
5357	211.000			
5358	211.000			
5359	206.000			
5360	206.000			
5361	199.000			
5362	190.000			
5363	190.000			
5364	181.000			
5365	181.000			
5366	173.000			
5367	166.000			
5368	166.000			
5369	158.000			
5370	158.000			
5371	150.000			
5372	150.000			
5373	142.000			
5374	133.000			
5375	133.000			
5376	125.000			
5377	125.000			
5378	118.000			
5379	114.000			
5380	114.000			
5381	110.000			
5382	110.000			
5383	108.000			
5384	108.000			
5385	105.000			
5386	102.000			
5387	102.000			
5388	98.000			
5389	98.000			
5390	94.000			
5391	89.000			
5392	89.000			
5393	84.000			
5394	84.000			
5395	79.000			
5396	73.000			
5397	73.000			
5398	67.000			
5399	67.000			
5400	61.000			
5401	61.000			
5402	56.000			
5403	50.000			
5404	50.000			
5405	45.000			
5406	45.000			
5407	41.000			
5408	37.000			
5409	37.000			
5410	33.000			
5411	33.000			
5412	30.000			
5413	30.000			
5414	28.000			
5415	26.000			
5416	26.000			
5417	25.000			
5418	25.000			
5419	25.000			
5420	25.000			
5421	25.000			
5422	25.000			
5423	25.000			
5424	25.000			
5425	25.000			
5426	25.000			
5427	25.000			
5428	25.000			
5429	25.000			
5430	25.000			
5431	25.000			
5432	25.000			
5433	25.000			
5434	24.000			
5435	24.000			
5436	24.000			
5437	24.000			
5438	24.000			
5439	24.000			
5440	24.000			
5441	24.000			
5442	24.000			
5443	24.000			
5444	24.000			
5445	24.000			
5446	24.000			
5447	24.000			
5448	24.000			
5449	24.000			
5450	24.000			
5451	25.000			
5452	25.000			
5453	28.000			
5454	33.000			
5455	33.000			
5456	45.000			
5457	45.000			
5458	64.000			
5459	64.000			
5460	90.000			
5461	123.000			
5462	123.000			
5463	158.000			
5464	158.000			
5465	192.000			
5466	221.000			
5467	221.000			
5468	242.000			
5469	242.000			
5470	254.000			
5471	254.000			
5472	255.000			
5473	255.000			
5474	255.000			
5475	250.000			
5476	250.000			
5477	241.000			
5478	231.000			
5479	231.000			
5480	220.000			
5481	220.000			
5482	211.000			
5483	211.000			
5484	201.000			
5485	192.000			
5486	192.000			
5487	184.000			
5488	184.000			
5489	175.000			
5490	166.000			
5491	166.000			
5492	159.000			
5493	159.000			
5494	152.000			
5495	146.000			
5496	146.000			
5497	142.000			
5498	142.000			
5499	138.000			
5500	138.000			
5501	135.000			
5502	132.000			
5503	132.000			
5504	127.000			
5505	127.000			
5506	123.000			
5507	117.000			
5508	117.000			
5509	111.000			
5510	111.000			
5511	105.000			
5512	105.000			
5513	98.000			
5514	91.000			
5515	91.000			
5516	83.000			
5517	83.000			
5518	76.000			
5519	68.000			
5520	68.000			
5521	61.000			
5522	61.000			
5523	55.000			
5524	50.000			
5525	50.000			
5526	45.000			
5527	45.000			
5528	41.000			
5529	41.000			
5530	37.000			
5531	35.000			
5532	35.000			
5533	33.000			
5534	33.000			
5535	32.000			
5536	32.000			
5537	32.000			
5538	33.000			
5539	33.000			
5540	33.000			
5541	33.000			
5542	33.000			
5543	33.000			
5544	33.000			
5545	33.000			
5546	33.000			
5547	32.000			
5548	31.000			
5549	31.000			
5550	30.000			
5551	30.000			
5552	29.000			
5553	28.000			
5554	28.000			
5555	27.000			
5556	27.000			
5557	26.000			
5558	26.000			
5559	25.000			
5560	25.000			
5561	25.000			
5562	25.000			
5563	25.000			
5564	25.000			
5565	24.000			
5566	24.000			
5567	24.000			
5568	24.000			
5569	25.000			
5570	25.000			
5571	27.000			
5572	35.000			
5573	35.000			
5574	49.000			
5575	49.000			
5576	72.000			
5577	103.000			
5578	103.000			
5579	139.000			
5580	139.000			
5581	176.000			
5582	209.000			
5583	209.000			
5584	236.000			
5585	236.000			
5586	255.000			
5587	255.000			
5588	255.000			
5589	255.000			
5590	255.000			
5591	255.000			
5592	255.000			
5593	252.000			
5594	241.000			
5595	241.000			
5596	229.000			
5597	229.000			
5598	218.000			
5599	218.000			
5600	207.000			
5601	197.000			
5602	197.000			
5603	188.000			
5604	188.000			
5605	179.000			
5606	170.000			
5607	170.000			
5608	161.000			
5609	161.000			
5610	154.000			
5611	147.000			
5612	147.000			
5613	143.000			
5614	143.000			
5615	139.000			
5616	139.000			
5617	135.000			
5618	132.000			
5619	132.000			
5620	128.000			
5621	128.000			
5622	123.000			
5623	117.000			
5624	117.000			
5625	110.000			
5626	110.000			
5627	104.000			
5628	104.000			
5629	98.000			
5630	92.000			
5631	92.000			
5632	85.000			
5633	85.000			
5634	79.000			
5635	72.000			
5636	72.000			
5637	65.000			
5638	65.000			
5639	58.000			
5640	58.000			
5641	51.000			
5642	45.000			
5643	45.000			
5644	40.000			
5645	40.000			
5646	36.000			
5647	33.000			
5648	33.000			
5649	31.000			
5650	31.000			
5651	29.000			
5652	27.000			
5653	27.000			
5654	26.000			
5655	26.000			
5656	26.000			
5657	26.000			
5658	25.000			
5659	25.000			
5660	25.000			
5661	24.000			
5662	24.000			
5663	24.000			
5664	24.000			
5665	24.000			
5666	24.000			
5667	24.000			
5668	24.000			
5669	24.000			
5670	24.000			
5671	24.000			
5672	24.000			
5673	23.000			
5674	23.000			
5675	22.000			
5676	21.000			
5677	21.000			
5678	20.000			
5679	20.000			
5680	21.000			
5681	26.000			
5682	26.000			
5683	38.000			
5684	38.000			
5685	59.000			
5686	59.000			
5687	88.000			
5688	123.000			
5689	123.000			
5690	160.000			
5691	160.000			
5692	196.000			
5693	225.000			
5694	225.000			
5695	246.000			
5696	246.000			
5697	255.000			
5698	255.000			
5699	255.000			
5700	255.000			
5701	255.000			
5702	253.000			
5703	253.000			
5704	243.000			
5705	232.000			
5706	232.000			
5707	220.000			
5708	220.000			
5709	209.000			
5710	198.000			
5711	198.000			
5712	189.000			
5713	189.000			
5714	179.000			
5715	179.000			
5716	170.000			
5717	162.000			
5718	162.000			
5719	155.000			
5720	155.000			
5721	148.000			
5722	143.000			
5723	143.000			
5724	138.000			
5725	138.000			
5726	134.000			
5727	134.000			
5728	130.000			
5729	126.000			
5730	126.000			
5731	122.000			
5732	122.000			
5733	117.000			
5734	110.000			
5735	110.000			
5736	104.000			
5737	104.000			
5738	96.000			
5739	89.000			
5740	89.000			
5741	81.000			
5742	81.000			
5743	74.000			
5744	74.000			
5745	67.000			
5746	60.000			
5747	60.000			
5748	53.000			
5749	53.000			
5750	47.000			
5751	42.000			
5752	42.000			
5753	37.000			
5754	37.000			
5755	34.000			
5756	34.000			
5757	31.000			
5758	30.000			
5759	30.000			
5760	29.000			
5761	29.000			
5762	28.000			
5763	27.000			
5764	27.000			
5765	26.000			
5766	26.000			
5767	25.000			
5768	25.000			
5769	24.000			
5770	24.000			
5771	24.000			
5772	23.000			
5773	23.000			
5774	23.000			
5775	23.000			
5776	23.000			
5777	24.000			
5778	24.000			
5779	24.000			
5780	24.000			
5781	24.000			
5782	24.000			
5783	24.000			
5784	26.000			
5785	26.000			
5786	32.000			
5787	46.000			
5788	46.000			
5789	68.000			
5790	68.000			
5791	99.000			
5792	136.000			
5793	136.000			
5794	174.000			
5795	174.000			
5796	208.000			
5797	208.000			
5798	236.000			
5799	253.000			
5800	253.000			
5801	255.000			
5802	255.000			
5803	255.000			
5804	255.000			
5805	255.000			
5806	245.000			
5807	245.000			
5808	233.000			
5809	221.000			
5810	221.000			
5811	209.000			
5812	209.000			
5813	199.000			
5814	199.000			
5815	189.000			
5816	179.000			
5817	179.000			
5818	168.000			
5819	168.000			
5820	158.000			
5821	148.000			
5822	148.000			
5823	139.000			
5824	139.000			
5825	132.000			
5826	132.000			
5827	126.000			
5828	121.000			
5829	121.000			
5830	117.000			
5831	117.000			
5832	113.000			
5833	109.000			
5834	109.000			
5835	104.000			
5836	104.000			
5837	99.000			
5838	93.000			
5839	93.000			
5840	87.000			
5841	87.000			
5842	80.000			
5843	80.000			
5844	74.000			
5845	68.000			
5846	68.000			
5847	62.000			
5848	62.000			
5849	57.000			
5850	51.000			
5851	51.000			
5852	45.000			
5853	45.000			
5854	40.000			
5855	40.000			
5856	35.000			
5857	31.000			
5858	31.000			
5859	27.000			
5860	27.000			
5861	24.000			
5862	21.000			
5863	21.000			
5864	19.000			
5865	19.000			
5866	18.000			
5867	17.000			
5868	17.000			
5869	17.000			
5870	17.000			
5871	17.000			
5872	17.000			
5873	17.000			
5874	17.000			
5875	17.000			
5876	17.000			
5877	17.000			
5878	17.000			
5879	17.000			
5880	17.000			
5881	17.000			
5882	17.000			
5883	17.000			
5884	17.000			
5885	18.000			