4558	105.000			
4559	105.000			
4560	104.000			
4561	104.000			
4562	104.000			
4563	105.000			
4564	105.000			
4565	105.000			
4566	105.000			
4567	105.000			
4568	106.000			
4569	106.000			
4570	106.000			
4571	107.000			
4572	107.000			
4573	108.000			
4574	108.000			
4575	109.000			
4576	109.000			
4577	109.000			
4578	110.000			
4579	110.000			
4580	110.000			
4581	110.000			
4582	109.000			
4583	109.000			
4584	109.000			
4585	108.000			
4586	108.000			
4587	107.000			
4588	107.000			
4589	106.000			
4590	105.000			
4591	105.000			
4592	104.000			
4593	104.000			
4594	103.000			
4595	102.000			
4596	102.000			
4597	102.000			
4598	102.000			
4599	102.000			
4600	102.000			
4601	102.000			
4602	102.000			
4603	102.000			
4604	102.000			
4605	102.000			
4606	102.000			
4607	101.000			
4608	101.000			
4609	101.000			
4610	101.000			
4611	101.000			
4612	101.000			
4613	101.000			
4614	101.000			
4615	101.000			
4616	101.000			
4617	101.000			
4618	100.000			
4619	100.000			
4620	100.000			
4621	99.000			
4622	99.000			
4623	98.000			
4624	96.000			
4625	96.000			
4626	95.000			
4627	95.000			
4628	94.000			
4629	94.000			
4630	93.000			
4631	93.000			
4632	93.000			
4633	92.000			
4634	92.000			
4635	91.000			
4636	90.000			
4637	90.000			
4638	90.000			
4639	90.000			
4640	89.000			
4641	88.000			
4642	88.000			
4643	87.000			
4644	87.000			
4645	86.000			
4646	86.000			
4647	86.000			
4648	85.000			
4649	85.000			
4650	85.000			
4651	85.000			
4652	86.000			
4653	87.000			
4654	87.000			
4655	89.000			
4656	89.000			
4657	91.000			
4658	91.000			
4659	92.000			
4660	94.000			
4661	94.000			
4662	95.000			
4663	95.000			
4664	96.000			
4665	96.000			
4666	96.000			
4667	96.000			
4668	96.000			
4669	96.000			
4670	96.000			
4671	96.000			
4672	96.000			
4673	96.000			
4674	96.000			
4675	96.000			
4676	97.000			
4677	97.000			
4678	97.000			
4679	98.000			
4680	98.000			
4681	98.000			
4682	98.000			
4683	98.000			
4684	98.000			
4685	98.000			
4686	98.000			
4687	98.000			
4688	98.000			
4689	99.000			
4690	99.000			
4691	99.000			
4692	99.000			
4693	100.000			
4694	100.000			
4695	100.000			
4696	100.000			
4697	100.000			
4698	100.000			
4699	100.000			
4700	100.000			
4701	100.000			
4702	100.000			
4703	99.000			
4704	99.000			
4705	100.000			
4706	100.000			
4707	100.000			
4708	100.000			
4709	100.000			
4710	100.000			
4711	101.000			
4712	101.000			
4713	101.000			
4714	101.000			
4715	101.000			
4716	101.000			
4717	102.000			
4718	102.000			
4719	102.000			
4720	102.000			
4721	102.000			
4722	102.000			
4723	102.000			
4724	102.000			
4725	102.000			
4726	102.000			
4727	103.000			
4728	103.000			
4729	103.000			
4730	103.000			
4731	103.000			
4732	103.000			
4733	103.000			
4734	102.000			
4735	102.000			
4736	102.000			
4737	102.000			
4738	102.000			
4739	102.000			
4740	103.000			
4741	103.000			
4742	103.000			
4743	103.000			
4744	103.000			
4745	103.000			
4746	103.000			
4747	102.000			
4748	102.000			
4749	101.000			
4750	101.000			
4751	101.000			
4752	100.000			
4753	100.000			
4754	99.000			
4755	99.000			
4756	99.000			
4757	99.000			
4758	99.000			
4759	98.000			
4760	98.000			
4761	98.000			
4762	98.000			
4763	98.000			
4764	99.000			
4765	99.000			
4766	99.000			
4767	99.000			
4768	100.000			
4769	101.000			
4770	101.000			
4771	101.000			
4772	101.000			
4773	102.000			
4774	102.000			
4775	102.000			
4776	102.000			
4777	102.000			
4778	102.000			
4779	102.000			
4780	102.000			
4781	102.000			
4782	102.000			
4783	101.000			
4784	101.000			
4785	101.000			
4786	101.000			
4787	100.000			
4788	99.000			
4789	99.000			
4790	98.000			
4791	98.000			
4792	98.000			
4793	97.000			
4794	97.000			
4795	97.000			
4796	97.000			
4797	97.000			
4798	97.000			
4799	97.000			
4800	97.000			
4801	97.000			
4802	97.000			
4803	97.000			
4804	97.000			
4805	97.000			
4806	97.000			
4807	97.000			
4808	97.000			
4809	97.000			
4810	97.000			
4811	97.000			
4812	98.000			
4813	98.000			
4814	98.000			
4815	98.000			
4816	99.000			
4817	99.000			
4818	99.000			
4819	99.000			
4820	99.000			
4821	99.000			
4822	99.000			
4823	99.000			
4824	99.000			
4825	99.000			
4826	99.000			
4827	99.000			
4828	99.000			
4829	98.000			
4830	98.000			
4831	98.000			
4832	98.000			
4833	99.000			
4834	99.000			
4835	99.000			
4836	99.000			
4837	99.000			
4838	99.000			
4839	99.000			
4840	99.000			
4841	99.000			
4842	99.000			
4843	99.000			
4844	99.000			
4845	99.000			
4846	99.000			
4847	99.000			
4848	99.000			
4849	99.000			
4850	99.000			
4851	99.000			
4852	99.000			
4853	99.000			
4854	99.000			
4855	99.000			
4856	100.000			
4857	100.000			
4858	100.000			
4859	100.000			
4860	99.000			
4861	99.000			
4862	99.000			
4863	98.000			
4864	98.000			
4865	97.000			
4866	97.000			
4867	97.000			
4868	97.000			
4869	97.000			
4870	97.000			
4871	97.000			
4872	96.000			
4873	96.000			
4874	96.000			
4875	95.000			
4876	95.000			
4877	95.000			
4878	95.000			
4879	96.000			
4880	96.000			
4881	96.000			
4882	97.000			
4883	97.000			
4884	98.000			
4885	98.000			
4886	98.000			
4887	98.000			
4888	98.000			
4889	99.000			
4890	99.000			
4891	99.000			
4892	100.000			
4893	100.000			
4894	101.000			
4895	101.000			
4896	102.000			
4897	103.000			
4898	103.000			
4899	102.000			
4900	102.000			
4901	102.000			
4902	102.000			
4903	102.000			
4904	101.000			
4905	101.000			
4906	101.000			
4907	101.000			
4908	102.000			
4909	102.000			
4910	102.000			
4911	103.000			
4912	103.000			
4913	103.000			
4914	103.000			
4915	104.000			
4916	104.000			
4917	104.000			
4918	105.000			
4919	105.000			
4920	105.000			
4921	106.000			
4922	106.000			
4923	106.000			
4924	106.000			
4925	106.000			
4926	106.000			
4927	106.000			
4928	106.000			
4929	106.000			
4930	105.000			
4931	105.000			
4932	105.000			
4933	106.000			
4934	106.000			
4935	107.000			
4936	107.000			
4937	107.000			
4938	107.000			
4939	107.000			
4940	107.000			
4941	107.000			
4942	106.000			
4943	106.000			
4944	106.000			
4945	106.000			
4946	106.000			
4947	106.000			
4948	106.000			
4949	106.000			
4950	106.000			
4951	106.000			
4952	105.000			
4953	105.000			
4954	104.000			
4955	104.000			
4956	104.000			
4957	103.000			
4958	103.000			
4959	103.000			
4960	103.000			
4961	104.000			
4962	104.000			
4963	104.000			
4964	103.000			
4965	103.000			
4966	103.000			
4967	103.000			
4968	103.000			
4969	103.000			
4970	103.000			
4971	102.000			
4972	102.000			
4973	102.000			
4974	102.000			
4975	102.000			
4976	102.000			
4977	102.000			
4978	101.000			
4979	102.000			
4980	102.000			
4981	102.000			
4982	102.000			
4983	102.000			
4984	102.000			
4985	102.000			
4986	101.000			
4987	101.000			
4988	100.000			
4989	100.000			
4990	99.000			
4991	99.000			
4992	99.000			
4993	99.000			
4994	99.000			
4995	99.000			
4996	99.000			
4997	99.000			
4998	99.000			
4999	99.000			
5000	100.000			
5001	100.000			
5002	100.000			
5003	100.000			
5004	100.000			
5005	100.000			
5006	100.000			
5007	100.000			
5008	100.000			
5009	100.000			
5010	99.000			
5011	99.000			
5012	99.000			
5013	98.000			
5014	98.000			
5015	98.000			
5016	98.000			
5017	98.000			
5018	98.000			
5019	98.000			
5020	98.000			
5021	98.000			
5022	99.000			
5023	99.000			
5024	99.000			
5025	99.000			
5026	99.000			
5027	98.000			
5028	98.000			
5029	98.000			
5030	98.000			
5031	99.000			
5032	99.000			
5033	99.000			
5034	100.000			
5035	100.000			
5036	101.000			
5037	101.000			
5038	101.000			
5039	102.000			
5040	102.000			
5041	103.000			
5042	103.000			
5043	103.000			
5044	104.000			
5045	104.000			
5046	104.000			
5047	104.000			
5048	104.000			
5049	103.000			
5050	103.000			
5051	102.000			
5052	102.000			
5053	101.000			
5054	101.000			
5055	101.000			
5056	100.000			
5057	100.000			
5058	100.000			
5059	100.000			
5060	100.000			
5061	100.000			
5062	100.000			
5063	100.000			
5064	100.000			
5065	100.000			
5066	100.000			
5067	100.000			
5068	100.000			
5069	100.000			
5070	100.000			
5071	100.000			
5072	100.000			
5073	100.000			
5074	100.000			
5075	100.000			
5076	100.000			
5077	99.000			
5078	99.000			
5079	99.000			
5080	99.000			
5081	99.000			
5082	99.000			
5083	99.000			
5084	99.000			
5085	98.000			
5086	98.000			
5087	97.000			
5088	97.000			
5089	97.000			
5090	98.000			
5091	98.000			
5092	98.000			
5093	98.000			
5094	99.000			
5095	100.000			
5096	100.000			
5097	100.000			
5098	100.000			
5099	100.000			
5100	100.000			
5101	100.000			
5102	99.000			
5103	99.000			
5104	99.000			
5105	99.000			
5106	98.000			
5107	98.000			
5108	98.000			
5109	98.000			
5110	98.000			
5111	98.000			
5112	98.000			
5113	98.000			
5114	98.000			
5115	98.000			
5116	99.000			
5117	99.000			
5118	99.000			
5119	99.000			
5120	99.000			
5121	98.000			
5122	98.000			
5123	98.000			
5124	99.000			
5125	99.000			
5126	99.000			
5127	99.000			
5128	99.000			
5129	99.000			
5130	99.000			
5131	98.000			
5132	98.000			
5133	98.000			
5134	98.000			
5135	97.000			
5136	96.000			
5137	96.000			
5138	96.000			
5139	96.000			
5140	95.000			
5141	95.000			
5142	95.000			
5143	96.000			
5144	96.000			
5145	96.000			
5146	96.000			
5147	97.000			
5148	97.000			
5149	97.000			
5150	97.000			
5151	97.000			
5152	97.000			
5153	97.000			
5154	97.000			
5155	97.000			
5156	97.000			
5157	96.000			
5158	96.000			
5159	95.000			
5160	94.000			
5161	94.000			
5162	93.000			
5163	93.000			
5164	93.000			
5165	92.000			
5166	92.000			
5167	93.000			
5168	93.000			
5169	93.000			
5170	93.000			
5171	94.000			
5172	95.000			
5173	95.000			
5174	95.000			
5175	95.000			
5176	95.000			
5177	95.000			
5178	95.000			
5179	95.000			
5180	95.000			
5181	96.000			
5182	98.000			
5183	98.000			
5184	99.000			
5185	99.000			
5186	100.000			
5187	100.000			
5188	100.000			
5189	99.000			
5190	99.000			
5191	99.000			
5192	99.000			
5193	99.000			
5194	99.000			
5195	99.000			
5196	99.000			
5197	99.000			
5198	99.000			
5199	99.000			
5200	99.000			
5201	99.000			
5202	99.000			
5203	99.000			
5204	99.000			
5205	99.000			
5206	99.000			
5207	99.000			
5208	99.000			
5209	99.000			
5210	99.000			
5211	99.000			
5212	99.000			
5213	99.000			
5214	99.000			
5215	99.000			
5216	99.000			
5217	99.000			
5218	98.000			
5219	98.000			
5220	98.000			
5221	98.000			
5222	98.000			
5223	97.000			
5224	97.000			
5225	96.000			
5226	96.000			
5227	95.000			
5228	95.000			
5229	94.000			
5230	95.000			
5231	95.000			
5232	95.000			
5233	95.000			
5234	95.000			
5235	96.000			
5236	96.000			
5237	97.000			
5238	97.000			
5239	97.000			
5240	97.000			
5241	97.000			
5242	97.000			
5243	97.000			
5244	98.000			
5245	98.000			
5246	98.000			
5247	98.000			
5248	98.000			
5249	98.000			
5250	98.000			
5251	97.000			
5252	97.000			
5253	97.000			
5254	96.000			
5255	96.000			
5256	96.000			
5257	96.000			
5258	96.000			
5259	96.000			
5260	96.000			
5261	96.000			
5262	96.000			
5263	96.000			
5264	96.000			
5265	96.000			
5266	96.000			
5267	96.000			
5268	96.000			
5269	96.000			
5270	96.000			
5271	96.000			
5272	96.000			
5273	96.000			
5274	96.000			
5275	97.000			
5276	97.000			
5277	97.000			
5278	97.000			
5279	97.000			
5280	97.000			
5281	97.000			
5282	97.000			
5283	96.000			
5284	96.000			
5285	96.000			
5286	96.000			
5287	97.000			
5288	97.000			
5289	97.000			
5290	97.000			
5291	97.000			
5292	97.000			
5293	96.000			
5294	96.000			
5295	96.000			
5296	96.000			
5297	95.000			
5298	94.000			
5299	94.000			
5300	94.000			
5301	94.000			
5302	94.000			
5303	94.000			
5304	94.000			
5305	95.000			
5306	95.000			
5307	95.000			
5308	95.000			
5309	94.000			
5310	94.000			
5311	94.000			
5312	94.000			
5313	94.000			
5314	94.000			
5315	94.000			
5316	95.000			
5317	95.000			
5318	95.000			
5319	96.000			
5320	96.000			
5321	96.000			
5322	96.000			
5323	96.000			
5324	97.000			
5325	97.000			
5326	97.000			
5327	97.000			
5328	97.000			
5329	97.000			
5330	97.000			
5331	97.000			
5332	97.000			
5333	97.000			
5334	96.000			
5335	96.000			
5336	95.000			
5337	95.000			
5338	94.000			
5339	94.000			
5340	94.000			
5341	94.000			
5342	94.000			
5343	94.000			
5344	94.000			
5345	95.000			
5346	95.000			
5347	95.000			
5348	96.000			
5349	96.000			
5350	96.000			
5351	96.000			
5352	96.000			
5353	97.000			
5354	97.000			
5355	97.000			
5356	97.000			
5357	98.000			
5358	98.000			
5359	98.000			
5360	99.000			
5361	99.000			
5362	100.000			
5363	101.000			
5364	101.000			
5365	102.000			
5366	102.000			
5367	103.000			
5368	104.000			
5369	104.000			
5370	104.000			
5371	104.000			
5372	104.000			
5373	104.000			
5374	105.000			
5375	105.000			
5376	105.000			
5377	105.000			
5378	105.000			
5379	105.000			
5380	105.000			
5381	105.000			
5382	105.000			
5383	105.000			
5384	105.000			
5385	105.000			
5386	105.000			
5387	105.000			
5388	105.000			
5389	105.000			
5390	105.000			
5391	106.000			
5392	106.000			
5393	106.000			
5394	106.000			
5395	106.000			
5396	106.000			
5397	106.000			
5398	106.000			
5399	106.000			
5400	106.000			
5401	106.000			
5402	106.000			
5403	106.000			
5404	106.000			
5405	106.000			
5406	106.000			
5407	106.000			
5408	106.000			
5409	106.000			
5410	106.000			
5411	105.000			
5412	105.000			
5413	105.000			
5414	105.000			
5415	104.000			
5416	104.000			
5417	104.000			
5418	103.000			
5419	103.000			
5420	103.000			
5421	102.000			
5422	102.000			
5423	101.000			
5424	101.000			
5425	101.000			
5426	101.000			
5427	101.000			
5428	101.000			
5429	101.000			
5430	101.000			
5431	101.000			
5432	100.000			
5433	99.000			
5434	99.000			
5435	99.000			
5436	99.000			
5437	98.000			
5438	99.000			
5439	99.000			
5440	99.000			
5441	99.000			
5442	100.000			
5443	100.000			
5444	101.000			
5445	101.000			
5446	101.000			
5447	101.000			
5448	101.000			
5449	100.000			
5450	99.000			
5451	99.000			
5452	99.000			
5453	99.000			
5454	98.000			
5455	98.000			
5456	98.000			
5457	98.000			
5458	98.000			
5459	98.000			
5460	98.000			
5461	97.000			
5462	97.000			
5463	97.000			
5464	97.000			
5465	97.000			
5466	97.000			
5467	98.000			
5468	98.000			
5469	99.000			
5470	99.000			
5471	100.000			
5472	100.000			
5473	101.000			
5474	101.000			
5475	101.000			
5476	101.000			
5477	101.000			
5478	101.000			
5479	101.000			
5480	101.000			
5481	101.000			
5482	101.000			
5483	100.000			
5484	100.000			
5485	100.000			
5486	100.000			
5487	100.000			
5488	100.000			
5489	100.000			
5490	100.000			
5491	100.000			
5492	100.000			
5493	100.000			
5494	100.000			
5495	100.000			
5496	99.000			
5497	99.000			
5498	99.000			
5499	99.000			
5500	99.000			
5501	99.000			
5502	98.000			
5503	99.000			
5504	99.000			
5505	99.000			
5506	99.000			
5507	100.000			
5508	101.000			
5509	101.000			
5510	101.000			
5511	101.000			
5512	101.000			
5513	101.000			
5514	100.000			
5515	100.000			
5516	100.000			
5517	100.000			
5518	100.000			
5519	100.000			
5520	100.000			
5521	100.000			
5522	100.000			
5523	100.000			
5524	100.000			
5525	99.000			
5526	99.000			
5527	99.000			
5528	99.000			
5529	99.000			
5530	99.000			
5531	99.000			
5532	99.000			
5533	99.000			
5534	99.000			
5535	99.000			
5536	99.000			
5537	99.000			
5538	99.000			
5539	99.000			
5540	99.000			
5541	99.000			
5542	99.000			
5543	98.000			
5544	98.000			
5545	98.000			
5546	99.000			
5547	99.000			
5548	99.000			
5549	99.000			
5550	99.000			
5551	99.000			
5552	99.000			
5553	99.000			
5554	99.000			
5555	99.000			
5556	99.000			
5557	99.000			
5558	98.000			
5559	98.000			
5560	98.000			
5561	98.000			
5562	98.000			
5563	98.000			
5564	98.000			
5565	98.000			
5566	98.000			
5567	98.000			
5568	98.000			
5569	98.000			
5570	98.000			
5571	98.000			
5572	97.000			
5573	97.000			
5574	97.000			
5575	97.000			
5576	97.000			
5577	97.000			
5578	97.000			
5579	97.000			
5580	97.000			
5581	97.000			
5582	97.000			
5583	97.000			
5584	97.000			
5585	96.000			
5586	96.000			
5587	96.000			
5588	96.000			
5589	96.000			
5590	97.000			
5591	97.000			
5592	97.000			
5593	97.000			
5594	98.000			
5595	98.000			
5596	98.000			
5597	97.000			
5598	97.000			
5599	97.000			
5600	97.000			
5601	96.000			
5602	95.000			
5603	95.000			
5604	94.000			
5605	94.000			
5606	94.000			
5607	94.000			
5608	94.000			
5609	94.000			
5610	94.000			
5611	94.000			
5612	94.000			
5613	93.000			
5614	93.000			
5615	93.000			
5616	93.000			
5617	93.000			
5618	94.000			
5619	94.000			
5620	94.000			
5621	96.000			
5622	96.000			
5623	97.000			
5624	98.000			
5625	98.000			
5626	98.000			
5627	98.000			
5628	98.000			
5629	98.000			
5630	98.000			
5631	98.000			
5632	98.000			
5633	98.000			
5634	98.000			
5635	98.000			
5636	98.000			
5637	98.000			
5638	98.000			
5639	98.000			
5640	98.000			
5641	98.000			
5642	98.000			
5643	98.000			
5644	98.000			
5645	99.000			
5646	99.000			
5647	99.000			
5648	99.000			
5649	99.000			
5650	99.000			
5651	99.000			
5652	98.000			
5653	98.000			
5654	98.000			
5655	98.000			
5656	98.000			
5657	98.000			
5658	98.000			
5659	98.000			
5660	98.000			
5661	98.000			
5662	99.000			
5663	99.000			
5664	99.000			
5665	100.000			
5666	100.000			
5667	100.000			
5668	100.000			
5669	100.000			
5670	100.000			
5671	100.000			
5672	100.000			
5673	100.000			
5674	100.000			
5675	100.000			
5676	100.000			
5677	101.000			
5678	101.000			
5679	101.000			
5680	101.000			
5681	101.000			
5682	102.000			
5683	102.000			
5684	102.000			
5685	102.000			
5686	102.000			
5687	102.000			
5688	101.000			
5689	101.000			
5690	101.000			
5691	101.000			
5692	101.000			
5693	101.000			
5694	101.000			
5695	101.000			
5696	102.000			
5697	102.000			
5698	103.000			
5699	103.000			
5700	103.000			
5701	103.000			
5702	103.000			
5703	103.000			
5704	103.000			
5705	103.000			
5706	104.000			
5707	104.000			
5708	104.000			
5709	104.000			
5710	104.000			
5711	104.000			
5712	104.000			
5713	104.000			
5714	104.000			
5715	104.000			
5716	104.000			
5717	104.000			
5718	103.000			
5719	103.000			
5720	104.000			
5721	104.000			
5722	104.000			
5723	104.000			
5724	104.000			
5725	104.000			
5726	104.000			
5727	104.000			
5728	104.000			
5729	104.000			
5730	103.000			
5731	103.000			
5732	103.000			
5733	103.000			
5734	103.000			
5735	104.000			
5736	104.000			
5737	104.000			
5738	104.000			
5739	104.000			
5740	104.000			
5741	103.000			
5742	103.000			
5743	103.000			
5744	103.000			
5745	103.000			
5746	104.000			
5747	105.000			
5748	105.000			
5749	106.000			
5750	106.000			
5751	107.000			
5752	107.000			
5753	107.000			
5754	106.000			
5755	106.000			
5756	105.000			
5757	105.000			
5758	104.000			
5759	104.000			
5760	104.000			
5761	104.000			
5762	104.000			
5763	104.000			
5764	104.000			
5765	104.000			
5766	103.000			
5767	103.000			
5768	102.000			
5769	102.000			
5770	100.000			
5771	99.000			
5772	99.000			
5773	98.000			
5774	98.000			
5775	97.000			
5776	97.000			
5777	97.000			
5778	97.000			
5779	97.000			
5780	96.000			
5781	96.000			
5782	96.000			
5783	96.000			
5784	96.000			
5785	95.000			
5786	95.000			
5787	94.000			
5788	93.000			
5789	93.000			
5790	93.000			
5791	93.000			
5792	93.000			
5793	93.000			
5794	93.000			
5795	93.000			
5796	93.000			
5797	93.000			
5798	93.000			
5799	92.000			
5800	91.000			
5801	91.000			
5802	89.000			
5803	89.000			
5804	88.000			
5805	87.000			
5806	87.000			
5807	86.000			
5808	86.000			
5809	85.000			
5810	84.000			
5811	84.000			
5812	84.000			
5813	84.000			
5814	83.000			
5815	83.000			
5816	83.000			
5817	83.000			
5818	83.000			
5819	84.000			
5820	84.000			
5821	84.000			
5822	84.000			
5823	84.000			
5824	84.000			
5825	84.000			
5826	84.000			
5827	84.000			
5828	85.000			
5829	85.000			
5830	85.000			
5831	86.000			
5832	86.000			
5833	87.000			
5834	88.000			
5835	88.000			
5836	88.000			
5837	88.000			
5838	89.000			
5839	89.000			
5840	89.000			
5841	89.000			
5842	89.000			
5843	89.000			
5844	89.000			
5845	90.000			
5846	92.000			
5847	92.000			
5848	94.000			
5849	94.000			
5850	95.000			
5851	96.000			
5852	96.000			
5853	96.000			
5854	96.000			
5855	96.000			
5856	96.000			
5857	96.000			
5858	95.000			
5859	95.000			
5860	95.000			
5861	95.000			
5862	95.000			
5863	95.000			
5864	95.000			
5865	94.000			
5866	94.000			
5867	92.000			
5868	92.000			
5869	91.000			
5870	90.000			
5871	90.000			
5872	89.000			
5873	89.000			
5874	89.000			
5875	89.000			
5876	89.000			
5877	89.000			
5878	89.000			
5879	89.000			
5880	89.000			
5881	89.000			
5882	89.000			
5883	89.000			
5884	89.000			
5885	89.000			
5886	90.000			
5887	91.000			
5888	91.000			
5889	92.000			
5890	92.000			
5891	93.000			
5892	93.000			
5893	93.000			
5894	94.000			
5895	94.000			
5896	94.000			
5897	94.000			
5898	95.000			
5899	95.000			
5900	95.000			
5901	96.000			
5902	96.000			
5903	97.000			
5904	98.000			
5905	98.000			
5906	99.000			
5907	99.000			
5908	100.000			
5909	101.000			
5910	101.000			
5911	102.000			
5912	102.000			
5913	103.000			
5914	103.000			
5915	104.000			
5916	105.000			
5917	105.000			
5918	106.000			
5919	106.000			
5920	107.000			
5921	109.000			
5922	109.000			
5923	110.000			
5924	110.000			
5925	110.000			
5926	110.000			
5927	110.000			
5928	110.000			
5929	110.000			
5930	109.000			
5931	109.000			
5932	109.000			
5933	108.000			
5934	108.000			
5935	108.000			
5936	108.000			
5937	108.000			
5938	109.000			
5939	109.000			
5940	109.000			
5941	109.000			
5942	108.000			
5943	108.000			
5944	108.000			
5945	108.000			
5946	108.000			
5947	108.000			
5948	108.000			
5949	108.000			
5950	108.000			
5951	108.000			
5952	108.000			
5953	108.000			
5954	108.000			
5955	108.000			
5956	108.000			
5957	108.000			
5958	108.000			
5959	107.000			
5960	107.000			
5961	107.000			
5962	106.000			
5963	106.000			
5964	106.000			
5965	106.000			
5966	105.000			
5967	105.000			
5968	105.000			
5969	105.000			
5970	105.000			
5971	104.000			
5972	104.000			
5973	104.000			
5974	104.000			
5975	104.000			
5976	104.000			
5977	104.000			
5978	105.000			
5979	105.000			
5980	105.000			
5981	105.000			
5982	105.000			
5983	104.000			
5984	104.000			
5985	104.000			
5986	103.000			
5987	103.000			
5988	102.000			
5989	102.000			
5990	102.000			
5991	101.000			
5992	101.000			
5993	101.000			
5994	101.000			
5995	100.000			
5996	100.000			
5997	100.000			
5998	100.000			
5999	100.000			
6000	99.000			
6001	99.000			
6002	99.000			
6003	99.000			
6004	99.000			
6005	99.000			
6006	99.000			
6007	98.000			
6008	98.000			
6009	98.000			
6010	97.000			
6011	97.000			
6012	97.000			
6013	97.000			
6014	97.000			
6015	97.000			
6016	97.000			
6017	98.000			
6018	98.000			
6019	99.000			
6020	100.000			
6021	100.000			
6022	101.000			
6023	101.000			
6024	101.000			
6025	101.000			
6026	100.000			
6027	99.000			
6028	99.000			
6029	98.000			
6030	98.000			
6031	97.000			
6032	97.000			
6033	97.000			
6034	96.000			
6035	96.000			
6036	96.000			
6037	95.000			
6038	95.000			
6039	94.000			
6040	94.000			
6041	94.000			
6042	94.000			
6043	95.000			
6044	95.000			
6045	95.000			
6046	96.000			
6047	96.000			
6048	97.000			
6049	97.000			
6050	97.000			
6051	96.000			
6052	96.000			
6053	96.000			
6054	96.000			
6055	95.000			
6056	94.000			
6057	94.000			
6058	94.000			
6059	94.000			
6060	94.000			
6061	94.000			
6062	94.000			
6063	93.000			
6064	93.000			
6065	93.000			
6066	93.000			
6067	93.000			
6068	93.000			
6069	93.000			
6070	93.000			
6071	93.000			
6072	93.000			
6073	93.000			
6074	93.000			
6075	94.000			
6076	94.000			
6077	94.000			
6078	95.000			
6079	95.000			
6080	95.000			
6081	95.000			
6082	96.000			
6083	96.000			
6084	96.000			
6085	97.000			
6086	97.000			
6087	97.000			
6088	97.000			
6089	96.000			
6090	96.000			
6091	96.000			
6092	95.000			
6093	95.000			
6094	95.000			
6095	95.000			
6096	95.000			
6097	95.000			
6098	95.000			
6099	95.000			
6100	95.000			
6101	95.000			
6102	94.000			
6103	94.000			
6104	93.000			
6105	93.000			
6106	92.000			
6107	91.000			
6108	91.000			
6109	91.000			
6110	91.000			
6111	91.000			
6112	91.000			
6113	92.000			
6114	93.000			
6115	93.000			
6116	95.000			
6117	95.000			
6118	96.000			
6119	97.000			
6120	97.000			
6121	97.000			
6122	97.000			
6123	98.000			
6124	98.000			
6125	98.000			
6126	98.000			
6127	98.000			
6128	98.000			
6129	98.000			
6130	97.000			
6131	96.000			
6132	96.000			
6133	96.000			
6134	96.000			
6135	96.000			
6136	96.000			
6137	96.000			
6138	96.000			
6139	96.000			
6140	96.000			
6141	96.000			
6142	96.000			
6143	97.000			
6144	97.000			
6145	97.000			
6146	97.000			
6147	98.000			
6148	99.000			
6149	99.000			
6150	99.000			
6151	99.000			
6152	99.000			
6153	99.000			
6154	98.000			
6155	98.000			
6156	98.000			
6157	98.000			
6158	98.000			
6159	98.000			
6160	99.000			
6161	99.000			
6162	100.000			
6163	100.000			
6164	100.000			
6165	100.000			
6166	100.000			
6167	99.000			
6168	99.000			
6169	99.000			
6170	99.000			
6171	98.000			
6172	99.000			
6173	99.000			
6174	99.000			
6175	99.000			
6176	99.000			
6177	98.000			
6178	98.000			
6179	98.000			
6180	98.000			
6181	97.000			
6182	97.000			
6183	97.000			
6184	97.000			
6185	97.000			
6186	98.000			
6187	98.000			
6188	98.000			
6189	99.000			
6190	99.000			
6191	99.000			
6192	99.000			
6193	100.000			
6194	101.000			
6195	101.000			
6196	102.000			
6197	102.000			
6198	103.000			
6199	103.000			
6200	104.000			
6201	105.000			
6202	105.000			
6203	105.000			
6204	105.000			
6205	104.000			
6206	104.000			
6207	104.000			
6208	103.000			
6209	103.000			
6210	103.000			
6211	103.000			
6212	103.000			
6213	103.000			
6214	103.000			
6215	104.000			
6216	104.000			
6217	104.000			
6218	105.000			
6219	105.000			
6220	105.000			
6221	105.000			
6222	105.000			
6223	106.000			
6224	106.000			
6225	106.000			
6226	106.000			
6227	106.000			
6228	106.000			
6229	106.000			
6230	106.000			
6231	106.000			
6232	106.000			
6233	106.000			
6234	105.000			
6235	105.000			
6236	105.000			
6237	105.000			
6238	105.000			
6239	105.000			
6240	105.000			
6241	104.000			
6242	104.000			
6243	104.000			
6244	103.000			
6245	103.000			
6246	102.000			
6247	102.000			
6248	102.000			
6249	101.000			
6250	101.000			
6251	101.000			
6252	102.000			
6253	102.000			
6254	102.000			
6255	102.000			
6256	103.000			
6257	103.000			
6258	103.000			
6259	103.000			
6260	103.000			
6261	103.000			
6262	103.000			
6263	103.000			
6264	104.000			
6265	104.000			
6266	104.000			
6267	104.000			
6268	105.000			
6269	105.000			
6270	105.000			
6271	105.000			
6272	105.000			
6273	104.000			
6274	104.000			
6275	103.000			
6276	102.000			
6277	102.000			
6278	102.000			
6279	102.000			
6280	102.000			
6281	102.000			
6282	102.000			
6283	102.000			
6284	102.000			
6285	103.000			
6286	103.000			
6287	103.000			
6288	103.000			
6289	103.000			
6290	104.000			
6291	104.000			
6292	104.000			
6293	104.000			
6294	104.000			
6295	103.000			
6296	103.000			
6297	103.000			
6298	103.000			
6299	102.000			
6300	102.000			
6301	102.000			
6302	101.000			
6303	101.000			
6304	102.000			
6305	102.000			
6306	102.000			
6307	102.000			
6308	102.000			
6309	101.000			
6310	101.000			
6311	101.000			
6312	101.000			
6313	101.000			
6314	100.000			
6315	100.000			
6316	100.000			
6317	100.000			
6318	100.000			
6319	100.000			
6320	100.000			
6321	100.000			
6322	100.000			
6323	100.000			
6324	100.000			
6325	100.000			
6326	100.000			
6327	100.000			
6328	101.000			
6329	102.000			
6330	102.000			
6331	103.000			
6332	103.000			
6333	104.000			
6334	105.000			
6335	105.000			
6336	105.000			
6337	105.000			
6338	105.000			
6339	105.000			
6340	106.000			
6341	106.000			
6342	106.000			
6343	106.000			
6344	106.000			
6345	106.000			
6346	106.000			
6347	106.000			
6348	105.000			
6349	105.000			
6350	105.000			
6351	105.000			
6352	105.000			
6353	105.000			
6354	105.000			
6355	106.000			
6356	106.000			
6357	106.000			
6358	106.000			
6359	106.000			
6360	106.000			
6361	106.000			
6362	105.000			
6363	104.000			
6364	104.000			
6365	104.000			
6366	104.000			
6367	104.000			
6368	104.000			
6369	104.000			
6370	103.000			
6371	103.000			
6372	102.000			
6373	102.000			
6374	100.000			
6375	99.000			
6376	99.000			
6377	97.000			
6378	97.000			
6379	97.000			
6380	96.000			
6381	96.000			
6382	96.000			
6383	96.000			
6384	96.000			
6385	96.000			
6386	96.000			
6387	96.000			
6388	96.000			
6389	96.000			
6390	96.000			
6391	96.000			
6392	96.000			
6393	96.000			
6394	96.000			
6395	96.000			
6396	95.000			
6397	95.000			
6398	94.000			
6399	93.000			
6400	93.000			
6401	93.000			
6402	93.000			
6403	93.000			
6404	93.000			
6405	93.000			
6406	94.000			
6407	94.000			
6408	95.000			
6409	95.000			
6410	97.000			
6411	98.000			
6412	98.000			
6413	100.000			
6414	100.000			
6415	101.000			
6416	102.000			
6417	102.000			
6418	103.000			
6419	103.000			
6420	103.000			
6421	102.000			
6422	102.000			
6423	101.000			
6424	101.000			
6425	101.000			
6426	101.000			
6427	100.000			
6428	100.000			
6429	100.000			
6430	100.000			
6431	100.000			
6432	99.000			
6433	99.000			
6434	99.000			
6435	99.000			
6436	99.000			
6437	99.000			
6438	99.000			
6439	99.000			
6440	100.000			
6441	100.000			
6442	100.000			
6443	100.000			
6444	100.000			
6445	100.000			
6446	100.000			
6447	100.000			
6448	100.000			
6449	100.000			
6450	101.000			
6451	101.000			
6452	101.000			
6453	101.000			
6454	102.000			
6455	102.000			
6456	102.000			
6457	102.000			
6458	102.000			
6459	102.000			
6460	102.000			
6461	102.000			
6462	102.000			
6463	102.000			
6464	101.000			
6465	101.000			
6466	101.000			
6467	101.000			
6468	101.000			
6469	101.000			
6470	101.000			
6471	101.000			
6472	101.000			
6473	100.000			
6474	99.000			
6475	99.000			
6476	98.000			
6477	98.000			
6478	98.000			
6479	97.000			
6480	97.000			
6481	97.000			
6482	97.000			
6483	97.000			
6484	97.000			
6485	97.000			
6486	97.000			
6487	97.000			
6488	97.000			
6489	97.000			
6490	97.000			
6491	97.000			
6492	97.000			
6493	97.000			
6494	97.000			
6495	98.000			
6496	98.000			
6497	99.000			
6498	99.000			
6499	99.000			
6500	100.000			
6501	100.000			
6502	100.000			
6503	101.000			
6504	101.000			
6505	102.000			
6506	102.000			
6507	102.000			
6508	103.000			
6509	103.000			
6510	103.000			
6511	103.000			
6512	102.000			
6513	102.000			
6514	101.000			
6515	100.000			
6516	100.000			
6517	100.000			
6518	100.000			
6519	100.000			
6520	100.000			
6521	100.000			
6522	101.000			
6523	101.000			
6524	102.000			
6525	102.000			
6526	104.000			
6527	105.000			
6528	105.000			
6529	106.000			
6530	106.000			
6531	106.000			
6532	107.000			
6533	107.000			
6534	107.000			
6535	107.000			
6536	107.000			
6537	107.000			
6538	107.000			
6539	106.000			
6540	106.000			
6541	106.000			
6542	106.000			
6543	105.000			
6544	105.000			
6545	105.000			
6546	105.000			
6547	105.000			
6548	104.000			
6549	104.000			
6550	104.000			
6551	103.000			
6552	103.000			
6553	103.000			
6554	103.000			
6555	102.000			
6556	102.000			
6557	102.000			
6558	102.000			
6559	102.000			
6560	102.000			
6561	102.000			
6562	102.000			
6563	101.000			
6564	101.000			
6565	100.000			
6566	100.000			
6567	100.000			
6568	99.000			
6569	99.000			
6570	100.000			
6571	100.000			
6572	100.000			
6573	100.000			
6574	100.000			
6575	100.000			
6576	100.000			
6577	99.000			
6578	98.000			
6579	98.000			
6580	98.000			
6581	98.000			
6582	98.000			
6583	98.000			
6584	97.000			
6585	97.000			
6586	97.000			
6587	97.000			
6588	97.000			
6589	97.000			
6590	97.000			
6591	97.000			
6592	97.000			
6593	97.000			
6594	98.000			
6595	98.000			
6596	98.000			
6597	98.000			
6598	98.000			
6599	98.000			
6600	98.000			
6601	98.000			
6602	98.000			
6603	98.000			
6604	99.000			
6605	99.000			
6606	99.000			
6607	99.000			
6608	99.000			
6609	99.000			
6610	99.000			
6611	98.000			
6612	98.000			
6613	98.000			
6614	98.000			
6615	98.000			
6616	98.000			
6617	98.000			
6618	98.000			
6619	98.000			
6620	98.000			
6621	98.000			
6622	98.000			
6623	97.000			
6624	97.000			
6625	97.000			
6626	97.000			
6627	97.000			
6628	97.000			
6629	97.000			
6630	97.000			
6631	98.000			
6632	98.000			
6633	98.000			
6634	98.000			
6635	99.000			
6636	98.000			
6637	98.000			
6638	98.000			
6639	98.000			
6640	98.000			
6641	98.000			
6642	98.000			
6643	99.000			
6644	99.000			
6645	99.000			
6646	99.000			
6647	99.000			
6648	99.000			
6649	99.000			
6650	99.000			
6651	99.000			
6652	99.000			
6653	99.000			
6654	100.000			
6655	100.000			
6656	100.000			
6657	100.000			
6658	100.000			
6659	100.000			
6660	100.000			
6661	100.000			
6662	99.000			
6663	99.000			
6664	99.000			
6665	99.000			
6666	99.000			
6667	100.000			
6668	100.000			
6669	101.000			
6670	101.000			
6671	102.000			
6672	102.000			
6673	102.000			
6674	103.000			
6675	103.000			
6676	103.000			
6677	103.000			
6678	103.000			
6679	103.000			
6680	103.000			
6681	103.000			
6682	103.000			
6683	103.000			
6684	102.000			
6685	102.000			
6686	101.000			
6687	101.000			
6688	100.000			
6689	99.000			
6690	99.000			
6691	98.000			
6692	98.000			
6693	98.000			
6694	98.000			
6695	97.000			
6696	96.000			
6697	96.000			
6698	95.000			
6699	95.000			
6700	95.000			
6701	95.000			
6702	95.000			
6703	95.000			
6704	95.000			
6705	95.000			
6706	96.000			
6707	96.000			
6708	96.000			
6709	96.000			
6710	96.000			
6711	96.000			
6712	96.000			
6713	97.000			
6714	97.000			
6715	97.000			
6716	97.000			
6717	98.000			
6718	98.000			
6719	98.000			
6720	98.000			
6721	98.000			
6722	98.000			
6723	98.000			
6724	98.000			
6725	99.000			
6726	99.000			
6727	99.000			
6728	99.000			
6729	100.000			
6730	100.000			
6731	100.000			
6732	100.000			
6733	100.000			
6734	100.000			
6735	99.000			
6736	99.000			
6737	98.000			
6738	98.000			
6739	98.000			
6740	98.000			
6741	98.000			
6742	98.000			
6743	98.000			
6744	99.000			
6745	99.000			
6746	99.000			
6747	99.000			
6748	99.000			
6749	100.000			
6750	100.000			
6751	100.000			
6752	100.000			
6753	101.000			
6754	102.000			
6755	102.000			
6756	102.000			
6757	102.000			
6758	102.000			
6759	102.000			
6760	102.000			
6761	101.000			
6762	101.000			
6763	100.000			
6764	98.000			
6765	98.000			
6766	97.000			
6767	97.000			
6768	96.000			
6769	96.000			
6770	95.000			
6771	95.000			
6772	95.000			
6773	96.000			
6774	96.000			
6775	97.000			
6776	98.000			
6777	98.000			
6778	98.000			
6779	98.000			
6780	99.000			
6781	99.000			
6782	100.000			
6783	100.000			
6784	100.000			
6785	99.000			
6786	99.000			
6787	99.000			
6788	98.000			
6789	98.000			
6790	98.000			
6791	98.000			
6792	97.000			
6793	97.000			
6794	97.000			
6795	96.000			
6796	96.000			
6797	96.000			
6798	96.000			
6799	96.000			
6800	96.000			
6801	96.000			
6802	97.000			
6803	97.000			
6804	97.000			
6805	98.000			
6806	98.000			
6807	98.000			
6808	98.000			
6809	99.000			
6810	99.000			
6811	99.000			
6812	99.000			
6813	99.000			
6814	99.000			
6815	99.000			
6816	99.000			
6817	99.000			
6818	99.000			
6819	99.000			
6820	99.000			
6821	99.000			
6822	99.000			
6823	99.000			
6824	99.000			
6825	99.000			
6826	99.000			
6827	99.000			
6828	100.000			
6829	100.000			
6830	100.000			
6831	100.000			
6832	100.000			
6833	100.000			
6834	99.000			
6835	99.000			
6836	99.000			
6837	99.000			
6838	98.000			
6839	98.000			
6840	98.000			
6841	98.000			
6842	98.000			
6843	99.000			
6844	99.000			
6845	99.000			
6846	100.000			
6847	100.000			
6848	100.000			
6849	100.000			
6850	100.000			
6851	100.000			
6852	100.000			
6853	100.000			
6854	100.000			
6855	100.000			
6856	100.000			
6857	100.000			
6858	100.000			
6859	100.000			
6860	101.000			
6861	101.000			
6862	101.000			
6863	101.000			
6864	101.000			
6865	101.000			
6866	101.000			
6867	101.000			
6868	101.000			
6869	101.000			
6870	101.000			
6871	101.000			
6872	100.000			
6873	100.000			
6874	100.000			
6875	100.000			
6876	100.000			
6877	99.000			
6878	99.000			
6879	98.000			
6880	98.000			
6881	97.000			
6882	97.000			
6883	97.000			
6884	96.000			
6885	96.000			
6886	96.000			
6887	96.000			
6888	96.000			
6889	97.000			
6890	97.000			
6891	98.000			
6892	99.000			
6893	99.000			
6894	99.000			
6895	99.000			
6896	100.000			
6897	100.000			
6898	100.000			
6899	99.000			
6900	99.000			
6901	98.000			
6902	98.000			
6903	98.000			
6904	97.000			
6905	97.000			
6906	96.000			
6907	96.000			
6908	95.000			
6909	95.000			
6910	94.000			
6911	92.000			
6912	92.000			
6913	91.000			
6914	91.000			
6915	91.000			
6916	91.000			
6917	91.000			
6918	92.000			
6919	92.000			
6920	94.000			
6921	95.000			
6922	95.000			
6923	97.000			
6924	97.000			
6925	98.000			
6926	98.000			
6927	98.000			
6928	98.000			
6929	98.000			
6930	98.000			
6931	98.000			
6932	98.000			
6933	97.000			
6934	97.000			
6935	96.000			
6936	96.000			
6937	95.000			
6938	95.000			
6939	95.000			
6940	94.000			
6941	94.000			
6942	94.000			
6943	94.000			
6944	94.000			
6945	94.000			
6946	94.000			
6947	94.000			
6948	94.000			
6949	95.000			
6950	95.000			
6951	95.000			
6952	96.000			
6953	96.000			
6954	96.000			
6955	96.000			
6956	97.000			
6957	97.000			
6958	97.000			
6959	97.000			
6960	97.000			
6961	98.000			
6962	99.000			
6963	99.000			
6964	100.000			
6965	100.000			
6966	101.000			
6967	101.000			
6968	101.000			
6969	101.000			
6970	101.000			
6971	101.000			
6972	101.000			
6973	101.000			
6974	101.000			
6975	101.000			
6976	101.000			
6977	101.000			
6978	100.000			
6979	100.000			
6980	99.000			
6981	98.000			
6982	98.000			
6983	98.000			
6984	98.000			
6985	97.000			
6986	98.000			
6987	98.000			
6988	98.000			
6989	98.000			
6990	99.000			
6991	100.000			
6992	100.000			
6993	100.000			
6994	100.000			
6995	101.000			
6996	101.000			
6997	101.000			
6998	102.000			
6999	102.000			
7000	102.000			
7001	102.000			
7002	103.000			
7003	104.000			
7004	104.000			
7005	104.000			
7006	104.000			
7007	104.000			
7008	104.000			
7009	104.000			
7010	104.000			
7011	104.000			
7012	104.000			
7013	104.000			
7014	103.000			
7015	103.000			
7016	103.000			
7017	103.000			
7018	103.000			
7019	103.000			
7020	104.000			
7021	104.000			
7022	104.000			
7023	104.000			
7024	104.000			
7025	104.000			
7026	104.000			
7027	104.000			
7028	104.000			
7029	103.000			
7030	103.000			
7031	102.000			
7032	101.000			
7033	101.000			
7034	101.000			
7035	101.000			
7036	100.000			
7037	100.000			
7038	100.000			
7039	101.000			
7040	101.000			
7041	101.000			
7042	101.000			
7043	102.000			
7044	102.000			
7045	102.000			
7046	102.000			
7047	102.000			
7048	101.000			
7049	101.000			
7050	101.000			
7051	102.000			
7052	102.000			
7053	102.000			
7054	102.000			
7055	103.000			
7056	104.000			
7057	104.000			
7058	105.000			
7059	105.000			
7060	105.000			
7061	106.000			
7062	106.000			
7063	106.000			
7064	106.000			
7065	107.000			
7066	107.000			
7067	107.000			
7068	106.000			
7069	106.000			
7070	106.000			
7071	106.000			
7072	105.000			
7073	105.000			
7074	105.000			
7075	105.000			
7076	105.000			
7077	105.000			
7078	105.000			
7079	105.000			
7080	106.000			
7081	106.000			
7082	106.000			
7083	106.000			
7084	106.000			
7085	106.000			
7086	106.000			
7087	106.000			
7088	106.000			
7089	106.000			
7090	106.000			
7091	106.000			
7092	106.000			
7093	106.000			
7094	106.000			
7095	106.000			
7096	107.000			
7097	107.000			
7098	107.000			
7099	107.000			
7100	107.000			
7101	107.000			
7102	107.000			
7103	107.000			
7104	107.000			
7105	107.000			
7106	107.000			
7107	107.000			
7108	107.000			
7109	108.000			
7110	108.000			
7111	108.000			
7112	108.000			
7113	108.000			
7114	108.000			
7115	108.000			
7116	107.000			
7117	107.000			
7118	107.000			
7119	106.000			
7120	106.000			
7121	105.000			
7122	105.000			
7123	104.000			
7124	104.000			
7125	102.000			
7126	101.000			
7127	101.000			
7128	100.000			
7129	100.000			
7130	100.000			
7131	100.000			
7132	100.000			
7133	100.000			
7134	100.000			
7135	100.000			
7136	100.000			
7137	100.000			
7138	100.000			
7139	100.000			
7140	100.000			
7141	100.000			
7142	100.000			
7143	100.000			
7144	100.000			
7145	101.000			
7146	101.000			
7147	101.000			
7148	100.000			
7149	100.000			
7150	100.000			
7151	100.000			
7152	99.000			
7153	99.000			
7154	98.000			
7155	97.000			
7156	97.000			
7157	97.000			
7158	97.000			
7159	96.000			
7160	96.000			
7161	96.000			
7162	96.000			
7163	96.000			
7164	96.000			
7165	96.000			
7166	96.000			
7167	96.000			
7168	96.000			
7169	96.000			
7170	96.000			
7171	95.000			
7172	95.000			
7173	95.000			
7174	96.000			
7175	96.000			
7176	98.000			
7177	100.000			
7178	100.000			
7179	101.000			
7180	101.000			
7181	102.000			
7182	102.000			
7183	103.000			
7184	103.000			
7185	103.000			
7186	103.000			
7187	103.000			
7188	102.000			
7189	102.000			
7190	102.000			
7191	101.000			
7192	101.000			
7193	100.000			
7194	100.000			
7195	99.000			
7196	98.000			
7197	98.000			
7198	97.000			
7199	97.000			
7200	97.000			
7201	96.000			
7202	96.000			
7203	96.000			
7204	96.000			
7205	97.000			
7206	97.000			
7207	97.000			
7208	97.000			
7209	97.000			
7210	97.000			
7211	97.000			
7212	97.000			
7213	97.000			
7214	97.000			
7215	97.000			
7216	97.000			
7217	97.000			
7218	97.000			
7219	97.000			
7220	97.000			
7221	97.000			
7222	97.000			
7223	97.000			
7224	97.000			
7225	97.000			
7226	97.000			
7227	96.000			
7228	96.000			
7229	96.000			
7230	96.000			
7231	96.000			
7232	96.000			
7233	96.000			
7234	96.000			
7235	96.000			
7236	96.000			
7237	96.000			
7238	96.000			
7239	96.000			
7240	96.000			
7241	96.000			
7242	95.000			
7243	95.000			
7244	95.000			
7245	95.000			
7246	96.000			
7247	97.000			
7248	97.000			
7249	98.000			
7250	98.000			
7251	99.000			
7252	99.000			
7253	101.000			
7254	101.000			
7255	101.000			
7256	102.000			
7257	102.000			
7258	102.000			
7259	102.000			
7260	102.000			
7261	103.000			
7262	103.000			
7263	103.000			
7264	103.000			
7265	104.000			
7266	104.000			
7267	104.000			
7268	104.000			
7269	104.000			
7270	103.000			
7271	103.000			
7272	103.000			
7273	103.000			
7274	103.000			
7275	102.000			
7276	102.000			
7277	102.000			
7278	102.000			
7279	102.000			
7280	102.000			
7281	102.000			
7282	102.000			
7283	102.000			
7284	102.000			
7285	101.000			
7286	101.000			
7287	101.000			
7288	101.000			
7289	101.000			
7290	100.000			
7291	100.000			
7292	100.000			
7293	100.000			
7294	101.000			
7295	101.000			
7296	101.000			
7297	101.000			
7298	101.000			
7299	101.000			
7300	101.000			
7301	101.000			
7302	100.000			
7303	100.000			
7304	99.000			
7305	100.000			
7306	100.000			
7307	100.000			
7308	100.000			
7309	101.000			
7310	101.000			
7311	102.000			
7312	101.000			
7313	101.000			
7314	100.000			
7315	100.000			
7316	98.000			
7317	97.000			
7318	97.000			
7319	96.000			
7320	96.000			
7321	96.000			
7322	96.000			
7323	96.000			
7324	96.000			
7325	96.000			
7326	96.000			
7327	96.000			
7328	96.000			
7329	96.000			
7330	96.000			
7331	96.000			
7332	96.000			
7333	97.000			
7334	97.000			
7335	97.000			
7336	97.000			
7337	97.000			
7338	97.000			
7339	97.000			
7340	96.000			
7341	96.000			
7342	96.000			
7343	96.000			
7344	96.000			
7345	96.000			
7346	97.000			
7347	97.000			
7348	97.000			
7349	97.000			
7350	97.000			
7351	97.000			
7352	97.000			
7353	97.000			
7354	97.000			
7355	97.000			
7356	97.000			
7357	96.000			
7358	95.000			
7359	95.000			
7360	94.000			
7361	94.000			
7362	93.000			
7363	92.000			
7364	92.000			
7365	92.000			
7366	92.000			
7367	92.000			
7368	92.000			
7369	92.000			
7370	93.000			
7371	93.000			
7372	93.000			
7373	93.000			
7374	93.000			
7375	93.000			
7376	93.000			
7377	92.000			
7378	92.000			
7379	91.000			
7380	91.000			
7381	91.000			
7382	91.000			
7383	91.000			
7384	90.000			
7385	90.000			
7386	90.000			
7387	90.000			
7388	90.000			
7389	90.000			
7390	90.000			
7391	90.000			
7392	90.000			
7393	90.000			
7394	91.000			
7395	91.000			
7396	91.000			
7397	91.000			
7398	92.000			
7399	92.000			
7400	92.000			
7401	92.000			
7402	92.000			
7403	93.000			
7404	93.000			
7405	95.000			
7406	96.000			
7407	96.000			
7408	97.000			
7409	97.000			
7410	98.000			
7411	98.000			
7412	98.000			
7413	99.000			
7414	99.000			
7415	99.000			
7416	100.000			
7417	100.000			
7418	102.000			
7419	102.000			
7420	102.000			
7421	102.000			
7422	103.000			
7423	103.000			
7424	103.000			
7425	102.000			
7426	102.000			
7427	102.000			
7428	102.000			
7429	102.000			
7430	103.000			
7431	103.000			
7432	103.000			
7433	104.000			
7434	104.000			
7435	104.000			
7436	104.000			
7437	103.000			
7438	103.000			
7439	103.000			
7440	103.000			
7441	103.000			
7442	103.000			
7443	103.000			
7444	104.000			
7445	104.000			
7446	104.000			
7447	104.000			
7448	104.000			
7449	104.000			
7450	104.000			
7451	104.000			
7452	105.000			
7453	105.000			
7454	105.000			
7455	105.000			
7456	105.000			
7457	105.000			
7458	105.000			
7459	105.000			
7460	105.000			
7461	104.000			
7462	104.000			
7463	104.000			
7464	104.000			
7465	104.000			
7466	104.000			
7467	104.000			
7468	104.000			
7469	104.000			
7470	104.000			
7471	104.000			
7472	104.000			
7473	103.000			
7474	102.000			
7475	102.000			
7476	102.000			
7477	102.000			
7478	102.000			
7479	102.000			
7480	103.000			
7481	103.000			
7482	103.000			
7483	104.000			
7484	104.000			
7485	104.000			
7486	105.000			
7487	105.000			
7488	105.000			
7489	105.000			
7490	106.000			
7491	107.000			
7492	107.000			
7493	107.000			
7494	107.000			
7495	107.000			
7496	107.000			
7497	107.000			
7498	106.000			
7499	106.000			
7500	106.000			
7501	106.000			
7502	106.000			
7503	106.000			
7504	106.000			
7505	106.000			
7506	106.000			
7507	106.000			
7508	106.000			
7509	105.000			
7510	104.000			
7511	104.000			
7512	102.000			
7513	102.000			
7514	101.000			
7515	100.000			
7516	100.000			
7517	99.000			
7518	99.000			
7519	98.000			
7520	98.000			
7521	98.000			
7522	97.000			
7523	97.000			
7524	97.000			
7525	97.000			
7526	97.000			
7527	96.000			
7528	96.000			
7529	96.000			
7530	96.000			
7531	96.000			
7532	96.000			
7533	96.000			
7534	96.000			
7535	96.000			
7536	96.000			
7537	96.000			
7538	97.000			
7539	97.000			
7540	97.000			
7541	98.000			
7542	98.000			
7543	98.000			
7544	98.000			
7545	98.000			
7546	99.000			
7547	99.000			
7548	99.000			
7549	99.000			
7550	98.000			
7551	98.000			
7552	98.000			
7553	98.000			
7554	98.000			
7555	99.000			
7556	99.000			
7557	99.000			
7558	99.000			
7559	99.000			
7560	99.000			
7561	100.000			
7562	100.000			
7563	100.000			
7564	100.000			
7565	100.000			
7566	100.000			
7567	101.000			
7568	102.000			
7569	102.000			
7570	103.000			
7571	103.000			
7572	104.000			
7573	106.000			
7574	106.000			
7575	106.000			
7576	106.000			
7577	106.000			
7578	106.000			
7579	106.000			
7580	106.000			
7581	106.000			
7582	105.000			
7583	105.000			
7584	105.000			
7585	104.000			
7586	104.000			
7587	104.000			
7588	104.000			
7589	103.000			
7590	103.000			
7591	103.000			
7592	104.000			
7593	104.000			
7594	104.000			
7595	104.000			
7596	104.000			
7597	104.000			
7598	104.000			
7599	103.000			
7600	103.000			
7601	102.000			
7602	102.000			
7603	102.000			
7604	102.000			
7605	102.000			
7606	102.000			
7607	102.000			
7608	102.000			
7609	102.000			
7610	102.000			
7611	102.000			
7612	102.000			
7613	102.000			
7614	102.000			
7615	102.000			
7616	103.000			
7617	103.000			
7618	103.000			
7619	103.000			
7620	103.000			
7621	103.000			
7622	103.000			
7623	103.000			
7624	103.000			
7625	103.000			
7626	103.000			
7627	103.000			
7628	103.000			
7629	103.000			
7630	103.000			
7631	104.000			
7632	104.000			
7633	104.000			
7634	104.000			
7635	104.000			
7636	104.000			
7637	103.000			
7638	103.000			
7639	103.000			
7640	102.000			
7641	102.000			
7642	102.000			
7643	102.000			
7644	102.000			
7645	102.000			
7646	102.000			
7647	103.000			
7648	103.000			
7649	103.000			
7650	103.000			
7651	103.000			
7652	102.000			
7653	102.000			
7654	102.000			
7655	102.000			
7656	102.000			
7657	102.000			
7658	102.000			
7659	102.000			
7660	102.000			
7661	102.000			
7662	102.000			
7663	102.000			
7664	101.000			
7665	101.000			
7666	101.000			
7667	100.000			
7668	100.000			
7669	100.000			
7670	100.000			
7671	99.000			
7672	99.000			
7673	99.000			
7674	99.000			
7675	99.000			
7676	99.000			
7677	99.000			
7678	99.000			
7679	100.000			
7680	100.000			
7681	100.000			
7682	100.000			
7683	100.000			
7684	101.000			
7685	101.000			
7686	101.000			
7687	101.000			
7688	100.000			
7689	99.000			
7690	99.000			
7691	98.000			
7692	98.000			
7693	96.000			
7694	96.000			
7695	94.000			
7696	93.000			
7697	93.000			
7698	93.000			
7699	93.000			
7700	93.000			
7701	93.000			
7702	93.000			
7703	93.000			
7704	93.000			
7705	94.000			
7706	94.000			
7707	94.000			
7708	94.000			
7709	94.000			
7710	94.000			
7711	94.000			
7712	94.000			
7713	94.000			
7714	94.000			
7715	94.000			
7716	94.000			
7717	93.000			
7718	93.000			
7719	93.000			
7720	93.000			
7721	93.000			
7722	94.000			
7723	94.000			
7724	95.000			
7725	96.000			
7726	96.000			
7727	96.000			
7728	96.000			
7729	95.000			
7730	94.000			
7731	94.000			
7732	92.000			
7733	92.000			
7734	90.000			
7735	90.000			
7736	89.000			
7737	88.000			
7738	88.000			
7739	88.000			
7740	88.000			
7741	89.000			
7742	90.000			
7743	90.000			
7744	92.000			
7745	92.000			
7746	93.000			
7747	93.000			
7748	93.000			
7749	93.000			
7750	93.000			
7751	93.000			
7752	93.000			
7753	92.000			
7754	92.000			
7755	92.000			
7756	92.000			
7757	92.000			
7758	93.000			
7759	94.000			
7760	94.000			
7761	95.000			
7762	95.000			
7763	96.000			
7764	96.000			
7765	96.000			
7766	96.000			
7767	96.000			
7768	96.000			
7769	96.000			
7770	95.000			
7771	94.000			
7772	94.000			
7773	92.000			
7774	92.000			
7775	90.000			
7776	90.000			
7777	89.000			
7778	87.000			
7779	87.000			
7780	87.000			
7781	87.000			
7782	87.000			
7783	88.000			
7784	88.000			
7785	89.000			
7786	89.000			
7787	89.000			
7788	89.000			
7789	90.000			
7790	90.000			
7791	90.000			
7792	91.000			
7793	91.000			
7794	92.000			
7795	93.000			
7796	93.000			
7797	94.000			
7798	94.000			
7799	94.000			
7800	93.000			
7801	93.000			
7802	92.000			
7803	92.000			
7804	91.000			
7805	91.000			
7806	91.000			
7807	90.000			
7808	90.000			
7809	91.000			
7810	91.000			
7811	92.000			
7812	93.000			
7813	93.000			
7814	94.000			
7815	94.000			
7816	94.000			
7817	95.000			
7818	95.000			
7819	96.000			
7820	96.000			
7821	96.000			
7822	96.000			
7823	97.000			
7824	98.000			
7825	98.000			
7826	99.000			
7827	99.000			
7828	99.000			
7829	99.000			
7830	99.000			
7831	99.000			
7832	99.000			
7833	98.000			
7834	98.000			
7835	97.000			
7836	97.000			
7837	97.000			
7838	96.000			
7839	96.000			
7840	96.000			
7841	96.000			
7842	96.000			
7843	97.000			
7844	97.000			
7845	98.000			
7846	98.000			
7847	98.000			
7848	99.000			
7849	99.000			
7850	99.000			
7851	99.000			
7852	100.000			
7853	101.000			
7854	101.000			
7855	102.000			
7856	102.000			
7857	103.000			
7858	104.000			
7859	104.000			
7860	104.000			
7861	104.000			
7862	104.000			
7863	104.000			
7864	104.000			
7865	104.000			
7866	104.000			
7867	104.000			
7868	104.000			
7869	104.000			
7870	104.000			
7871	104.000			
7872	104.000			
7873	104.000			
7874	103.000			
7875	103.000			
7876	103.000			
7877	102.000			
7878	102.000			
7879	102.000			
7880	102.000			
7881	101.000			
7882	101.000			
7883	101.000			
7884	99.000			
7885	99.000			
7886	98.000			
7887	96.000			
7888	96.000			
7889	94.000			
7890	94.000			
7891	92.000			
7892	92.000			
7893	92.000			
7894	92.000			
7895	92.000			
7896	93.000			
7897	93.000			
7898	94.000			
7899	95.000			
7900	95.000			
7901	96.000			
7902	96.000			
7903	97.000			
7904	98.000			
7905	98.000			
7906	99.000			
7907	99.000			
7908	101.000			
7909	101.000			
7910	102.000			
7911	102.000			
7912	102.000			
7913	102.000			
7914	102.000			
7915	101.000			
7916	100.000			
7917	100.000			
7918	99.000			
7919	99.000			
7920	99.000			
7921	99.000			
7922	99.000			
7923	99.000			
7924	99.000			
7925	100.000			
7926	100.000			
7927	101.000			
7928	103.000			
7929	103.000			
7930	104.000			
7931	104.000			
7932	105.000			
7933	105.000			
7934	105.000			
7935	105.000			
7936	105.000			
7937	105.000			
7938	105.000			
7939	105.000			
7940	104.000			
7941	104.000			
7942	104.000			
7943	104.000			
7944	103.000			
7945	103.000			
7946	103.000			
7947	102.000			
7948	102.000			
7949	101.000			
7950	101.000			
7951	101.000			
7952	101.000			
7953	101.000			
7954	101.000			
7955	101.000			
7956	101.000			
7957	101.000			
7958	101.000			
7959	102.000			
7960	102.000			
7961	102.000			
7962	102.000			
7963	102.000			
7964	103.000			
7965	103.000			
7966	103.000			
7967	103.000			
7968	102.000			
7969	101.000			
7970	101.000			
7971	101.000			
7972	101.000			
7973	101.000			
7974	101.000			
7975	101.000			
7976	101.000			
7977	101.000			
7978	100.000			
7979	100.000			
7980	100.000			
7981	100.000			
7982	100.000			
7983	100.000			
7984	100.000			
7985	100.000			
7986	101.000			
7987	101.000			
7988	101.000			
7989	101.000			
7990	102.000			
7991	102.000			
7992	102.000			
7993	102.000			
7994	102.000			
7995	103.000			
7996	103.000			
7997	103.000			
7998	103.000			
7999	103.000			
8000	102.000			
8001	102.000			
8002	102.000			
8003	101.000			
8004	101.000			
8005	101.000			
8006	101.000			
8007	102.000			
8008	102.000			
8009	103.000			
8010	104.000			
8011	104.000			
8012	105.000			
8013	105.000			
8014	105.000			
8015	105.000			
8016	105.000			
8017	104.000			
8018	104.000			
8019	104.000			
8020	104.000			
8021	104.000			
8022	103.000			
8023	103.000			
8024	103.000			
8025	103.000			
8026	103.000			
8027	103.000			
8028	103.000