1	98
2	98
3	98
4	98
5	98
6	98
7	98
8	98
9	98
10	98
11	98
12	98
13	98
14	98
15	98
16	98
17	98
18	98
19	98
20	98
21	98
22	98
23	98
24	98
25	98
26	98
27	98
28	98
29	98
30	98
31	98
32	98
33	98
34	98
35	98
36	98
37	98
38	98
39	98
40	98
41	98
42	98
43	98
44	98
45	98
46	98
47	98
48	98
49	98
50	98
51	98
52	98
53	98
54	98
55	98
56	98
57	98
58	98
59	98
60	98
61	98
62	98
63	98
64	98
65	98
66	98
67	98
68	98
69	98
70	98
71	98
72	98
73	98
74	98
75	98
76	98
77	98
78	98
79	98
80	98
81	98
82	98
83	98
84	98
85	98
86	98
87	98
88	98
89	98
90	98
91	98
92	98
93	98
94	98
95	98
96	98
97	98
98	98
99	98
100	98
101	98
102	98
103	98
104	98
105	98
106	98
107	98
108	98
109	98
110	98
111	98
112	98
113	98
114	98
115	98
116	98
117	98
118	98
119	98
120	98
121	98
122	98
123	98
124	98
125	98
126	98
127	98
128	98
129	98
130	98
131	98
132	98
133	98
134	98
135	98
136	98
137	98
138	98
139	98
140	98
141	98
142	98
143	98
144	98
145	98
146	98
147	98
148	98
149	98
150	98
151	98
152	98
153	98
154	98
155	98
156	98
157	98
158	98
159	98
160	98
161	98
162	98
163	98
164	98
165	98
166	98
167	98
168	98
169	98
170	98
171	98
172	98
173	98
174	98
175	98
176	98
177	98
178	98
179	98
180	98
181	98
182	98
183	98
184	98
185	98
186	98
187	98
188	98
189	98
190	98
191	98
192	98
193	98
194	98
195	98
196	98
197	98
198	98
199	98
200	98
201	98
202	98
203	98
204	98
205	98
206	98
207	98
208	98
209	98
210	98
211	98
212	98
213	98
214	98
215	98
216	98
217	98
218	98
219	98
220	98
221	98
222	98
223	98
224	98
225	98
226	98
227	98
228	98
229	98
230	98
231	98
232	98
233	98
234	98
235	98
236	98
237	98
238	98
239	98
240	98
241	98
242	98
243	98
244	98
245	98
246	98
247	98
248	98
249	98
250	98
251	98
252	98
253	98
254	98
255	98
256	98
257	98
258	98
259	98
260	98
261	98
262	98
263	98
264	98
265	98
266	98
267	98
268	98
269	98
270	98
271	98
272	98
273	98
274	98
275	98
276	98
277	98
278	98
279	98
280	98
281	98
282	98
283	98
284	98
285	98
286	98
287	98
288	98
289	98
290	98
291	98
292	98
293	98
294	98
295	98
296	98
297	98
298	98
299	98
300	98
301	98
302	98
303	98
304	98
305	98
306	98
307	98
308	98
309	98
310	98
311	98
312	98
313	98
314	98
315	98
316	98
317	98
318	98
319	98
320	98
321	98
322	98
323	98
324	98
325	98
326	98
327	98
328	98
329	98
330	98
331	98
332	98
333	98
334	98
335	98
336	98
337	98
338	98
339	98
340	98
341	98
342	98
343	98
344	98
345	98
346	98
347	98
348	98
349	98
350	98
351	98
352	98
353	98
354	98
355	98
356	98
357	98
358	98
359	98
360	98
361	98
362	98
363	98
364	98
365	98
366	98
367	98
368	98
369	98
370	98
371	98
372	98
373	98
374	98
375	98
376	98
377	98
378	98
379	98
380	98
381	98
382	98
383	98
384	98
385	98
386	98
387	98
388	98
389	98
390	98
391	98
392	98
393	98
394	98
395	98
396	98
397	98
398	98
399	98
400	98
401	98
402	98
403	98
404	98
405	98
406	98
407	98
408	98
409	98
410	98
411	98
412	98
413	98
414	98
415	98
416	98
417	98
418	98
419	98
420	98
421	98
422	98
423	98
424	98
425	98
426	98
427	98
428	98
429	98
430	98
431	98
432	98
433	98
434	98
435	98
436	98
437	98
438	98
439	98
440	98
441	98
442	98
443	98
444	98
445	98
446	98
447	98
448	98
449	98
450	98
451	98
452	98
453	98
454	98
455	98
456	98
457	98
458	98
459	98
460	98
461	98
462	98
463	98
464	98
465	98
466	98
467	98
468	98
469	98
470	98
471	98
472	98
473	98
474	98
475	98
476	98
477	98
478	98
479	98
480	98
481	98
482	98
483	98
484	98
485	98
486	98
487	98
488	98
489	98
490	98
491	98
492	98
493	98
494	98
495	98
496	98
497	98
498	98
499	98
500	98
501	98
502	98
503	98
504	98
505	98
506	98
507	98
508	98
509	98
510	98
511	98
512	98
513	98
514	98
515	98
516	98
517	98
518	98
519	98
520	98
521	98
522	98
523	98
524	98
525	98
526	98
527	98
528	98
529	98
530	98
531	98
532	98
533	98
534	98
535	98
536	98
537	98
538	98
539	98
540	98
541	98
542	98
543	98
544	98
545	98
546	98
547	98
548	98
549	98
550	98
551	98
552	98
553	98
554	98
555	98
556	98
557	98
558	98
559	98
560	98
561	98
562	98
563	98
564	98
565	98
566	98
567	98
568	97
569	97
570	97
571	97
572	97
573	97
574	97
575	97
576	97
577	97
578	97
579	97
580	97
581	97
582	97
583	97
584	97
585	97
586	97
587	97
588	97
589	97
590	97
591	97
592	97
593	97
594	97
595	97
596	97
597	97
598	97
599	97
600	97
601	97
602	97
603	97
604	97
605	97
606	97
607	97
608	97
609	97
610	97
611	97
612	97
613	97
614	97
615	97
616	97
617	97
618	97
619	97
620	97
621	97
622	97
623	97
624	97
625	97
626	97
627	97
628	97
629	97
630	97
631	97
632	97
633	97
634	97
635	97
636	97
637	97
638	97
639	97
640	97
641	97
642	97
643	97
644	97
645	97
646	97
647	97
648	97
649	97
650	97
651	97
652	97
653	97
654	97
655	97
656	97
657	97
658	97
659	97
660	97
661	97
662	97
663	97
664	97
665	97
666	97
667	97
668	97
669	97
670	97
671	97
672	97
673	97
674	97
675	97
676	97
677	97
678	97
679	97
680	97
681	97
682	97
683	97
684	97
685	97
686	97
687	97
688	97
689	97
690	97
691	97
692	97
693	97
694	97
695	97
696	97
697	97
698	97
699	97
700	97
701	97
702	97
703	97
704	97
705	97
706	97
707	97
708	97
709	97
710	97
711	97
712	97
713	97
714	97
715	97
716	97
717	97
718	96
719	96
720	96
721	96
722	96
723	96
724	96
725	96
726	96
727	96
728	96
729	96
730	96
731	96
732	96
733	96
734	96
735	96
736	96
737	96
738	96
739	96
740	96
741	96
742	96
743	96
744	96
745	96
746	96
747	96
748	96
749	96
750	96
751	96
752	96
753	96
754	96
755	96
756	96
757	96
758	96
759	96
760	96
761	96
762	96
763	96
764	96
765	96
766	96
767	96
768	96
769	96
770	96
771	96
772	96
773	96
774	96
775	96
776	96
777	96
778	96
779	96
780	96
781	96
782	96
783	96
784	96
785	96
786	96
787	96
788	96
789	96
790	96
791	96
792	96
793	96
794	96
795	96
796	96
797	96
798	96
799	96
800	96
801	96
802	96
803	96
804	96
805	96
806	96
807	96
808	96
809	96
810	96
811	96
812	96
813	96
814	96
815	96
816	96
817	96
818	96
819	96
820	96
821	96
822	96
823	96
824	96
825	96
826	96
827	96
828	96
829	96
830	96
831	96
832	96
833	96
834	96
835	96
836	96
837	96
838	96
839	96
840	96
841	96
842	96
843	96
844	96
845	96
846	95
847	95
848	95
849	95
850	95
851	95
852	95
853	95
854	95
855	95
856	95
857	95
858	95
859	95
860	95
861	95
862	95
863	95
864	95
865	95
866	95
867	95
868	95
869	95
870	95
871	95
872	95
873	95
874	95
875	95
876	95
877	95
878	95
879	95
880	95
881	95
882	95
883	95
884	95
885	95
886	95
887	95
888	95
889	95
890	95
891	95
892	95
893	95
894	95
895	95
896	95
897	95
898	95
899	95
900	95
901	95
902	95
903	95
904	95
905	95
906	95
907	95
908	95
909	95
910	95
911	95
912	95
913	95
914	95
915	95
916	95
917	95
918	95
919	95
920	95
921	95
922	95
923	95
924	95
925	95
926	95
927	95
928	95
929	95
930	95
931	95
932	95
933	95
934	95
935	95
936	95
937	95
938	95
939	95
940	95
941	95
942	95
943	95
944	95
945	95
946	95
947	95
948	95
949	95
950	95
951	95
952	94
953	94
954	94
955	94
956	94
957	94
958	94
959	94
960	94
961	94
962	94
963	94
964	94
965	94
966	94
967	94
968	94
969	94
970	94
971	94
972	94
973	94
974	94
975	94
976	94
977	94
978	94
979	94
980	94
981	94
982	94
983	94
984	94
985	94
986	94
987	94
988	94
989	94
990	94
991	94
992	94
993	94
994	94
995	94
996	94
997	94
998	94
999	94
1000	94
1001	94
1002	94
1003	94
1004	94
1005	94
1006	94
1007	94
1008	94
1009	94
1010	94
1011	94
1012	94
1013	94
1014	94
1015	94
1016	93
1017	93
1018	93
1019	93
1020	93
1021	93
1022	93
1023	93
1024	93
1025	93
1026	93
1027	93
1028	93
1029	93
1030	93
1031	93
1032	93
1033	93
1034	93
1035	93
1036	93
1037	93
1038	93
1039	93
1040	93
1041	93
1042	93
1043	93
1044	93
1045	93
1046	93
1047	93
1048	93
1049	93
1050	93
1051	93
1052	93
1053	93
1054	93
1055	93
1056	93
1057	93
1058	93
1059	93
1060	93
1061	93
1062	93
1063	93
1064	93
1065	93
1066	93
1067	93
1068	93
1069	93
1070	93
1071	93
1072	93
1073	93
1074	93
1075	93
1076	93
1077	93
1078	93
1079	93
1080	93
1081	93
1082	93
1083	93
1084	93
1085	93
1086	93
1087	93
1088	93
1089	93
1090	93
1091	93
1092	93
1093	93
1094	93
1095	93
1096	93
1097	93
1098	93
1099	93
1100	93
1101	93
1102	93
1103	93
1104	93
1105	93
1106	93
1107	93
1108	93
1109	93
1110	93
1111	93
1112	93
1113	93
1114	93
1115	93
1116	93
1117	93
1118	93
1119	93
1120	93
1121	93
1122	93
1123	92
1124	92
1125	92
1126	92
1127	92
1128	92
1129	92
1130	92
1131	92
1132	92
1133	92
1134	92
1135	92
1136	92
1137	92
1138	92
1139	92
1140	92
1141	92
1142	92
1143	92
1144	92
1145	92
1146	92
1147	92
1148	92
1149	92
1150	92
1151	92
1152	92
1153	92
1154	92
1155	92
1156	92
1157	92
1158	92
1159	92
1160	92
1161	92
1162	92
1163	92
1164	92
1165	92
1166	92
1167	92
1168	92
1169	92
1170	92
1171	92
1172	92
1173	92
1174	92
1175	92
1176	92
1177	92
1178	92
1179	92
1180	92
1181	92
1182	92
1183	92
1184	92
1185	92
1186	92
1187	92
1188	92
1189	92
1190	92
1191	92
1192	92
1193	92
1194	92
1195	92
1196	92
1197	92
1198	92
1199	92
1200	92
1201	92
1202	92
1203	92
1204	92
1205	92
1206	92
1207	92
1208	92
1209	92
1210	92
1211	92
1212	92
1213	92
1214	92
1215	92
1216	92
1217	92
1218	92
1219	92
1220	92
1221	92
1222	92
1223	92
1224	92
1225	92
1226	92
1227	92
1228	92
1229	92
1230	92
1231	92
1232	92
1233	92
1234	92
1235	92
1236	92
1237	92
1238	92
1239	92
1240	92
1241	92
1242	92
1243	92
1244	92
1245	92
1246	92
1247	92
1248	92
1249	92
1250	92
1251	92
1252	92
1253	92
1254	92
1255	92
1256	92
1257	92
1258	92
1259	92
1260	92
1261	92
1262	91
1263	91
1264	91
1265	91
1266	91
1267	91
1268	91
1269	91
1270	91
1271	91
1272	91
1273	91
1274	91
1275	91
1276	91
1277	91
1278	91
1279	91
1280	91
1281	91
1282	91
1283	91
1284	91
1285	91
1286	91
1287	91
1288	91
1289	91
1290	91
1291	91
1292	91
1293	91
1294	91
1295	91
1296	91
1297	91
1298	91
1299	91
1300	91
1301	91
1302	91
1303	91
1304	91
1305	91
1306	91
1307	91
1308	91
1309	91
1310	91
1311	91
1312	91
1313	91
1314	91
1315	91
1316	91
1317	91
1318	91
1319	91
1320	91
1321	91
1322	91
1323	91
1324	91
1325	91
1326	90
1327	90
1328	90
1329	90
1330	90
1331	90
1332	90
1333	90
1334	90
1335	90
1336	90
1337	90
1338	90
1339	90
1340	90
1341	90
1342	90
1343	90
1344	90
1345	90
1346	90
1347	90
1348	90
1349	90
1350	90
1351	90
1352	90
1353	90
1354	90
1355	90
1356	90
1357	90
1358	90
1359	90
1360	90
1361	90
1362	90
1363	90
1364	90
1365	90
1366	90
1367	90
1368	90
1369	90
1370	90
1371	90
1372	90
1373	90
1374	90
1375	90
1376	90
1377	90
1378	90
1379	90
1380	90
1381	90
1382	90
1383	90
1384	90
1385	90
1386	90
1387	90
1388	90
1389	90
1390	90
1391	90
1392	90
1393	90
1394	90
1395	90
1396	90
1397	90
1398	90
1399	90
1400	90
1401	90
1402	90
1403	90
1404	90
1405	90
1406	90
1407	90
1408	90
1409	90
1410	90
1411	90
1412	90
1413	90
1414	90
1415	90
1416	90
1417	90
1418	90
1419	90
1420	90
1421	90
1422	90
1423	90
1424	90
1425	90
1426	90
1427	90
1428	90
1429	90
1430	90
1431	90
1432	90
1433	90
1434	90
1435	90
1436	90
1437	90
1438	90
1439	90
1440	90
1441	90
1442	90
1443	89
1444	89
1445	89
1446	89
1447	89
1448	89
1449	89
1450	89
1451	89
1452	89
1453	89
1454	89
1455	89
1456	89
1457	89
1458	89
1459	89
1460	89
1461	89
1462	89
1463	89
1464	89
1465	89
1466	89
1467	89
1468	89
1469	89
1470	89
1471	89
1472	89
1473	89
1474	89
1475	89
1476	89
1477	89
1478	89
1479	89
1480	89
1481	89
1482	89
1483	89
1484	89
1485	89
1486	89
1487	89
1488	89
1489	89
1490	89
1491	89
1492	89
1493	89
1494	89
1495	89
1496	89
1497	89
1498	89
1499	89
1500	89
1501	89
1502	89
1503	89
1504	89
1505	89
1506	89
1507	89
1508	89
1509	89
1510	89
1511	89
1512	89
1513	89
1514	89
1515	89
1516	89
1517	89
1518	89
1519	89
1520	89
1521	89
1522	89
1523	89
1524	89
1525	89
1526	89
1527	89
1528	88
1529	88
1530	88
1531	88
1532	88
1533	88
1534	88
1535	88
1536	88
1537	88
1538	88
1539	88
1540	88
1541	88
1542	88
1543	88
1544	88
1545	88
1546	88
1547	88
1548	88
1549	88
1550	88
1551	88
1552	88
1553	88
1554	88
1555	88
1556	88
1557	88
1558	88
1559	88
1560	88
1561	88
1562	88
1563	88
1564	88
1565	88
1566	88
1567	88
1568	88
1569	88
1570	88
1571	88
1572	88
1573	88
1574	88
1575	88
1576	88
1577	88
1578	88
1579	88
1580	88
1581	88
1582	88
1583	88
1584	88
1585	88
1586	88
1587	88
1588	88
1589	88
1590	88
1591	88
1592	88
1593	88
1594	88
1595	88
1596	88
1597	88
1598	88
1599	88
1600	88
1601	88
1602	88
1603	88
1604	88
1605	88
1606	88
1607	88
1608	88
1609	88
1610	88
1611	88
1612	88
1613	88
1614	88
1615	88
1616	88
1617	88
1618	88
1619	88
1620	88
1621	88
1622	88
1623	88
1624	88
1625	88
1626	88
1627	88
1628	88
1629	88
1630	88
1631	88
1632	88
1633	88
1634	88
1635	88
1636	88
1637	88
1638	88
1639	88
1640	88
1641	88
1642	88
1643	88
1644	88
1645	88
1646	88
1647	88
1648	88
1649	88
1650	88
1651	88
1652	88
1653	88
1654	88
1655	88
1656	88
1657	88
1658	88
1659	88
1660	88
1661	88
1662	88
1663	88
1664	88
1665	88
1666	88
1667	88
1668	88
1669	88
1670	88
1671	88
1672	88
1673	88
1674	88
1675	88
1676	88
1677	88
1678	88
1679	88
1680	88
1681	88
1682	88
1683	88
1684	88
1685	88
1686	88
1687	88
1688	88
1689	88
1690	88
1691	88
1692	88
1693	88
1694	88
1695	88
1696	88
1697	88
1698	88
1699	88
1700	88
1701	88
1702	88
1703	88
1704	88
1705	88
1706	88
1707	88
1708	88
1709	88
1710	88
1711	88
1712	88
1713	88
1714	88
1715	88
1716	88
1717	88
1718	88
1719	88
1720	88
1721	88
1722	88
1723	88
1724	88
1725	88
1726	88
1727	88
1728	88
1729	88
1730	88
1731	88
1732	88
1733	88
1734	88
1735	88
1736	88
1737	88
1738	88
1739	88
1740	88
1741	88
1742	88
1743	88
1744	88
1745	88
1746	88
1747	88
1748	88
1749	88
1750	88
1751	88
1752	88
1753	89
1754	89
1755	89
1756	89
1757	89
1758	89
1759	89
1760	89
1761	89
1762	89
1763	89
1764	89
1765	89
1766	89
1767	89
1768	89
1769	89
1770	89
1771	89
1772	89
1773	89
1774	89
1775	90
1776	90
1777	90
1778	90
1779	90
1780	90
1781	90
1782	90
1783	90
1784	90
1785	90
1786	90
1787	90
1788	90
1789	90
1790	90
1791	90
1792	90
1793	90
1794	90
1795	90
1796	90
1797	90
1798	90
1799	90
1800	90
